dateStr time radId
20110205 230 206.0
20110205 230 207.0
20110205 230 205.0
20110205 230 33.0
20110205 300 206.0
20110205 300 207.0
20110205 300 33.0
20110205 300 205.0
20110205 330 206.0
20110205 330 207.0
20110205 330 204.0
20110205 330 33.0
20110205 330 205.0
20110302 100 206.0
20110302 100 207.0
20110302 100 33.0
20110302 100 32.0
20110302 200 207.0
20110302 200 205.0
20110302 200 33.0
20110302 200 32.0
20110302 230 206.0
20110302 230 207.0
20110302 230 33.0
20110302 230 205.0
20110302 230 32.0
20110310 600 33.0
20110310 600 205.0
20110310 600 32.0
20110310 600 206.0
20110310 600 207.0
20110312 30 207.0
20110312 30 33.0
20110312 30 205.0
20110312 30 32.0
20110403 400 32.0
20110403 400 206.0
20110403 400 207.0
20110403 400 33.0
20110403 430 32.0
20110403 430 206.0
20110403 430 33.0
20110403 430 207.0
20110403 500 32.0
20110403 500 206.0
20110403 500 207.0
20110403 500 33.0
20110403 530 33.0
20110403 530 32.0
20110403 530 206.0
20110403 530 207.0
20110403 600 33.0
20110403 600 32.0
20110403 600 206.0
20110403 600 207.0
20110404 400 32.0
20110404 400 207.0
20110404 400 205.0
20110404 400 33.0
20110404 430 32.0
20110404 430 206.0
20110404 430 207.0
20110404 430 204.0
20110404 430 33.0
20110404 430 205.0
20110404 500 32.0
20110404 500 205.0
20110404 500 206.0
20110404 500 204.0
20110404 500 207.0
20110404 500 33.0
20110404 630 205.0
20110404 630 32.0
20110404 630 206.0
20110404 630 207.0
20110409 800 204.0
20110409 800 207.0
20110409 800 205.0
20110409 800 33.0
20110409 800 206.0
20110409 830 207.0
20110409 830 204.0
20110409 830 33.0
20110409 830 205.0
20110409 830 206.0
20110409 900 206.0
20110409 900 207.0
20110409 900 205.0
20110409 900 33.0
20110409 930 206.0
20110409 930 207.0
20110409 930 204.0
20110409 930 205.0
20110413 400 206.0
20110413 400 33.0
20110413 400 204.0
20110413 400 207.0
20110413 400 205.0
20110413 400 32.0
20110413 430 32.0
20110413 430 206.0
20110413 430 33.0
20110413 430 205.0
20110413 500 32.0
20110413 500 206.0
20110413 500 207.0
20110413 500 204.0
20110413 500 205.0
20110413 500 33.0
20110413 530 33.0
20110413 530 205.0
20110413 530 32.0
20110413 530 206.0
20110413 530 207.0
20110413 600 33.0
20110413 600 206.0
20110413 600 207.0
20110413 600 204.0
20110430 430 32.0
20110430 430 204.0
20110430 430 33.0
20110430 430 205.0
20110501 300 206.0
20110501 300 207.0
20110501 300 33.0
20110501 300 205.0
20110501 300 32.0
20110501 330 32.0
20110501 330 206.0
20110501 330 207.0
20110501 330 33.0
20110501 330 204.0
20110501 330 205.0
20110501 400 32.0
20110501 400 206.0
20110501 400 204.0
20110501 400 207.0
20110501 400 33.0
20110501 400 205.0
20110501 430 32.0
20110501 430 206.0
20110501 430 204.0
20110501 430 207.0
20110501 430 33.0
20110501 430 205.0
20110501 500 32.0
20110501 500 206.0
20110501 500 204.0
20110501 500 207.0
20110501 500 205.0
20110501 500 33.0
20110501 530 33.0
20110501 530 32.0
20110501 530 206.0
20110501 530 204.0
20110501 530 205.0
20110502 100 207.0
20110502 100 33.0
20110502 100 205.0
20110502 100 32.0
20110502 130 206.0
20110502 130 207.0
20110502 130 33.0
20110502 130 205.0
20110502 130 32.0
20110502 500 32.0
20110502 500 206.0
20110502 500 207.0
20110502 500 204.0
20110502 500 205.0
20110502 500 33.0
20110502 530 32.0
20110502 530 206.0
20110502 530 207.0
20110502 530 204.0
20110502 600 33.0
20110502 600 205.0
20110502 600 32.0
20110502 600 206.0
20110502 600 204.0
20110502 600 207.0
20110502 630 33.0
20110502 630 205.0
20110502 630 32.0
20110502 630 204.0
20110502 630 207.0
20110503 500 32.0
20110503 500 206.0
20110503 500 207.0
20110503 500 204.0
20110503 500 205.0
20110529 130 204.0
20110529 130 207.0
20110529 130 33.0
20110529 130 205.0
20110529 200 204.0
20110529 200 206.0
20110529 200 207.0
20110529 200 33.0
20110529 200 205.0
20110529 430 206.0
20110529 430 204.0
20110529 430 207.0
20110529 430 33.0
20110529 430 205.0
20110529 500 32.0
20110529 500 205.0
20110529 500 204.0
20110529 500 206.0
20110529 500 207.0
20110529 500 33.0
20110529 530 33.0
20110529 530 205.0
20110529 530 32.0
20110529 530 206.0
20110529 530 207.0
20110531 630 33.0
20110531 630 205.0
20110531 630 204.0
20110531 630 206.0
20110531 630 207.0
20110531 700 204.0
20110531 700 205.0
20110531 700 33.0
20110531 700 206.0
20110531 700 207.0
20110531 730 204.0
20110531 730 207.0
20110531 730 33.0
20110531 730 205.0
20110531 730 206.0
20110531 800 204.0
20110531 800 207.0
20110531 800 205.0
20110531 800 33.0
20110531 800 206.0
20110531 830 204.0
20110531 830 207.0
20110531 830 33.0
20110531 830 206.0
20110602 700 204.0
20110602 700 205.0
20110602 700 33.0
20110602 700 32.0
20110602 700 206.0
20110602 700 207.0
20110602 730 204.0
20110602 730 207.0
20110602 730 205.0
20110602 730 206.0
20110605 100 204.0
20110605 100 206.0
20110605 100 207.0
20110605 100 205.0
20110605 100 33.0
20110605 100 32.0
20110608 430 32.0
20110608 430 207.0
20110608 430 204.0
20110608 430 205.0
20110608 430 33.0
20110608 500 204.0
20110608 500 207.0
20110608 500 205.0
20110608 500 33.0
20110609 630 205.0
20110609 630 206.0
20110609 630 204.0
20110609 630 207.0
20110611 700 33.0
20110611 700 32.0
20110611 700 206.0
20110611 700 207.0
20110611 700 204.0
20110611 800 204.0
20110611 800 207.0
20110611 800 205.0
20110611 800 33.0
20110611 800 206.0
20110611 830 204.0
20110611 830 206.0
20110611 830 207.0
20110611 830 205.0
20110611 830 33.0
20110611 830 32.0
20110611 900 204.0
20110611 900 206.0
20110611 900 207.0
20110611 900 205.0
20110620 830 206.0
20110620 830 207.0
20110620 830 204.0
20110620 830 205.0
20110620 830 33.0
20110621 730 204.0
20110621 730 207.0
20110621 730 205.0
20110621 730 33.0
20110621 730 206.0
20110621 800 204.0
20110621 800 207.0
20110621 800 205.0
20110621 800 33.0
20110621 800 206.0
20110621 830 204.0
20110621 830 206.0
20110621 830 207.0
20110621 830 33.0
20110621 830 205.0
20110621 900 204.0
20110621 900 206.0
20110621 900 207.0
20110621 900 205.0
20110622 630 33.0
20110622 630 205.0
20110622 630 206.0
20110622 630 207.0
20110622 630 204.0
20110623 630 205.0
20110623 630 33.0
20110623 630 204.0
20110623 630 206.0
20110623 630 207.0
20110623 700 33.0
20110623 700 204.0
20110623 700 205.0
20110623 700 206.0
20110623 700 207.0
20110623 730 204.0
20110623 730 33.0
20110623 730 205.0
20110623 730 32.0
20110623 730 206.0
20110624 230 206.0
20110624 230 207.0
20110624 230 33.0
20110624 230 205.0
20110625 600 33.0
20110625 600 205.0
20110625 600 32.0
20110625 600 204.0
20110625 600 207.0
20110625 630 205.0
20110625 630 33.0
20110625 630 32.0
20110625 630 206.0
20110625 630 204.0
20110625 630 207.0
20110625 700 204.0
20110625 700 205.0
20110625 700 207.0
20110625 700 33.0
20110625 700 206.0
20110625 730 204.0
20110625 730 207.0
20110625 730 33.0
20110625 730 205.0
20110625 730 206.0
20110625 800 204.0
20110625 800 207.0
20110625 800 205.0
20110625 800 33.0
20110625 800 206.0
20110701 630 205.0
20110701 630 32.0
20110701 630 206.0
20110701 630 207.0
20110701 630 204.0
20110701 700 204.0
20110701 700 205.0
20110701 700 207.0
20110701 700 32.0
20110701 700 206.0
20110701 730 204.0
20110701 730 207.0
20110701 730 205.0
20110701 730 32.0
20110701 730 206.0
20110701 800 207.0
20110701 800 204.0
20110701 800 205.0
20110701 800 32.0
20110701 800 206.0
20110701 830 204.0
20110701 830 207.0
20110701 830 205.0
20110701 830 206.0
20110705 430 32.0
20110705 430 204.0
20110705 430 206.0
20110705 430 207.0
20110705 430 205.0
20110705 500 32.0
20110705 500 206.0
20110705 500 204.0
20110705 500 207.0
20110705 500 205.0
20110705 530 205.0
20110705 530 32.0
20110705 530 206.0
20110705 530 204.0
20110705 530 207.0
20110705 600 205.0
20110705 600 32.0
20110705 600 206.0
20110705 600 204.0
20110709 600 205.0
20110709 600 32.0
20110709 600 204.0
20110709 600 206.0
20110709 600 207.0
20110720 600 205.0
20110720 600 32.0
20110720 600 206.0
20110720 600 204.0
20110720 600 207.0
20110720 630 205.0
20110720 630 207.0
20110720 630 32.0
20110720 630 206.0
20110720 630 204.0
20110720 700 204.0
20110720 700 205.0
20110720 700 207.0
20110720 700 32.0
20110720 700 206.0
20110721 600 205.0
20110721 600 204.0
20110721 600 206.0
20110721 600 207.0
20110722 630 205.0
20110722 630 206.0
20110722 630 204.0
20110722 630 207.0
20110722 700 204.0
20110722 700 205.0
20110722 700 206.0
20110722 700 207.0
20110722 730 204.0
20110722 730 207.0
20110722 730 205.0
20110722 730 32.0
20110722 730 206.0
20110722 800 204.0
20110722 800 207.0
20110722 800 205.0
20110722 800 206.0
20110722 830 204.0
20110722 830 207.0
20110722 830 205.0
20110722 830 206.0
20110723 630 205.0
20110723 630 206.0
20110723 630 204.0
20110723 630 207.0
20110723 730 204.0
20110723 730 207.0
20110723 730 205.0
20110723 730 206.0
20110723 800 204.0
20110723 800 207.0
20110723 800 205.0
20110723 800 206.0
20110723 930 206.0
20110723 930 204.0
20110723 930 207.0
20110723 930 205.0
20110725 800 204.0
20110725 800 207.0
20110725 800 205.0
20110725 800 206.0
20110725 830 204.0
20110725 830 206.0
20110725 830 207.0
20110725 830 205.0
20110801 500 32.0
20110801 500 204.0
20110801 500 207.0
20110801 500 205.0
20110801 530 32.0
20110801 530 206.0
20110801 530 204.0
20110801 530 207.0
20110801 530 205.0
20110801 600 206.0
20110801 600 204.0
20110801 600 207.0
20110801 600 205.0
20110801 730 204.0
20110801 730 205.0
20110801 730 206.0
20110801 730 207.0
20110806 100 207.0
20110806 100 204.0
20110806 100 205.0
20110806 100 32.0
20110806 200 206.0
20110806 200 207.0
20110806 200 204.0
20110806 200 205.0
20110806 200 32.0
20110806 230 206.0
20110806 230 207.0
20110806 230 204.0
20110806 230 205.0
20110806 230 32.0
20110806 300 206.0
20110806 300 207.0
20110806 300 204.0
20110806 300 205.0
20110806 330 206.0
20110806 330 207.0
20110806 330 204.0
20110806 330 205.0
20110806 400 206.0
20110806 400 207.0
20110806 400 204.0
20110806 400 205.0
20110807 600 206.0
20110807 600 204.0
20110807 600 207.0
20110807 600 205.0
20110809 700 32.0
20110809 700 205.0
20110809 700 206.0
20110809 700 207.0
20110810 830 207.0
20110810 830 204.0
20110810 830 205.0
20110810 830 206.0
20110814 700 205.0
20110814 700 207.0
20110814 700 206.0
20110814 700 204.0
20110903 700 204.0
20110903 700 205.0
20110903 700 207.0
20110903 700 32.0
20110904 700 205.0
20110904 700 32.0
20110904 700 206.0
20110904 700 204.0
20110904 700 207.0
20110904 730 204.0
20110904 730 207.0
20110904 730 205.0
20110904 730 32.0
20110904 730 206.0
20110910 200 206.0
20110910 200 207.0
20110910 200 204.0
20110910 200 205.0
20110910 200 32.0
20110910 230 206.0
20110910 230 204.0
20110910 230 207.0
20110910 230 205.0
20110910 300 204.0
20110910 300 206.0
20110910 300 207.0
20110910 300 205.0
20110912 400 32.0
20110912 400 206.0
20110912 400 204.0
20110912 400 207.0
20110912 400 205.0
20110912 430 32.0
20110912 430 206.0
20110912 430 207.0
20110912 430 204.0
20110912 430 205.0
20110912 500 206.0
20110912 500 204.0
20110912 500 207.0
20110912 500 205.0
20110912 530 206.0
20110912 530 204.0
20110912 530 207.0
20110912 530 205.0
20110913 230 206.0
20110913 230 204.0
20110913 230 207.0
20110913 230 205.0
20110913 230 32.0
20110913 300 206.0
20110913 300 204.0
20110913 300 207.0
20110913 300 205.0
20110913 300 32.0
20110913 400 206.0
20110913 400 204.0
20110913 400 207.0
20110913 400 205.0
20110920 600 205.0
20110920 600 206.0
20110920 600 204.0
20110920 600 207.0
20110920 630 205.0
20110920 630 206.0
20110920 630 204.0
20110920 630 207.0
20110920 830 204.0
20110920 830 206.0
20110920 830 207.0
20110920 830 205.0
20110920 900 204.0
20110920 900 206.0
20110920 900 207.0
20110920 900 205.0
20110927 100 206.0
20110927 100 207.0
20110927 100 204.0
20110927 100 205.0
20110927 100 32.0
20110927 130 206.0
20110927 130 207.0
20110927 130 204.0
20110927 130 205.0
20110927 130 32.0
20110927 200 204.0
20110927 200 206.0
20110927 200 207.0
20110927 200 205.0
20110927 200 32.0
20110927 230 206.0
20110927 230 204.0
20110927 230 207.0
20110927 230 32.0
20110927 300 206.0
20110927 300 204.0
20110927 300 207.0
20110927 300 205.0
20110927 330 206.0
20110927 330 207.0
20110927 330 204.0
20110927 330 205.0
20110927 400 32.0
20110927 400 204.0
20110927 400 207.0
20110927 400 205.0
20110928 500 206.0
20110928 500 204.0
20110928 500 207.0
20110928 500 205.0
20110929 230 206.0
20110929 230 207.0
20110929 230 205.0
20110929 230 32.0
20110929 300 206.0
20110929 300 204.0
20110929 300 207.0
20110929 300 205.0
20110929 300 32.0
20110929 330 206.0
20110929 330 204.0
20110929 330 207.0
20110929 330 205.0
20110929 530 206.0
20110929 530 207.0
20110929 530 204.0
20110929 530 205.0
20111001 530 205.0
20111001 530 32.0
20111001 530 206.0
20111001 530 204.0
20111001 530 207.0
20111001 600 205.0
20111001 600 32.0
20111001 600 204.0
20111001 600 206.0
20111001 600 207.0
20111007 730 204.0
20111007 730 207.0
20111007 730 205.0
20111007 730 206.0
20111007 800 204.0
20111007 800 207.0
20111007 800 205.0
20111007 800 206.0
20111009 600 205.0
20111009 600 206.0
20111009 600 204.0
20111009 600 207.0
20111009 630 205.0
20111009 630 207.0
20111009 630 32.0
20111009 630 206.0
20111009 630 204.0
20111009 700 204.0
20111009 700 207.0
20111009 700 205.0
20111009 700 206.0
20111009 730 204.0
20111009 730 207.0
20111009 730 205.0
20111009 730 206.0
20111013 530 205.0
20111013 530 206.0
20111013 530 207.0
20111013 530 204.0
20111013 600 205.0
20111013 600 206.0
20111013 600 204.0
20111013 600 207.0
20111025 230 206.0
20111025 230 207.0
20111025 230 204.0
20111025 230 33.0
20111025 230 205.0
20111025 300 206.0
20111025 300 204.0
20111025 300 207.0
20111025 300 33.0
20111025 300 205.0
20111025 730 204.0
20111025 730 207.0
20111025 730 33.0
20111025 730 32.0
20111025 730 206.0
20111025 900 206.0
20111025 900 204.0
20111025 900 207.0
20111025 900 33.0
20111025 900 205.0
20111025 930 206.0
20111025 930 207.0
20111025 930 204.0
20111025 930 33.0
20111025 930 205.0
20111025 1030 206.0
20111025 1030 204.0
20111025 1030 207.0
20111025 1030 33.0
20111101 500 207.0
20111101 500 204.0
20111101 500 33.0
20111101 500 205.0
20120123 30 206.0
20120123 30 207.0
20120123 30 205.0
20120123 30 33.0
20120123 30 32.0
20120123 200 206.0
20120123 200 207.0
20120123 200 204.0
20120123 200 205.0
20120123 230 206.0
20120123 230 204.0
20120123 230 207.0
20120123 230 32.0
20120123 530 205.0
20120123 530 32.0
20120123 530 206.0
20120123 530 204.0
20120123 530 207.0
20120123 600 205.0
20120123 600 206.0
20120123 600 207.0
20120123 600 204.0
20120123 630 205.0
20120123 630 206.0
20120123 630 204.0
20120123 630 207.0
20120124 200 206.0
20120124 200 207.0
20120124 200 204.0
20120124 200 205.0
20120124 200 32.0
20120124 230 204.0
20120124 230 206.0
20120124 230 207.0
20120124 230 205.0
20120124 230 32.0
20120124 300 206.0
20120124 300 204.0
20120124 300 207.0
20120124 300 33.0
20120124 300 205.0
20120124 300 32.0
20120124 330 204.0
20120124 330 206.0
20120124 330 207.0
20120124 330 33.0
20120124 330 205.0
20120124 400 206.0
20120124 400 207.0
20120124 400 204.0
20120124 400 33.0
20120124 400 205.0
20120124 400 32.0
20120124 430 206.0
20120124 430 204.0
20120124 430 207.0
20120124 430 33.0
20120124 430 205.0
20120124 500 206.0
20120124 500 204.0
20120124 500 207.0
20120124 500 205.0
20120124 500 33.0
20120124 530 33.0
20120124 530 206.0
20120124 530 207.0
20120124 530 204.0
20120124 530 205.0
20120124 630 33.0
20120124 630 207.0
20120124 630 206.0
20120124 630 204.0
20120125 230 206.0
20120125 230 207.0
20120125 230 33.0
20120125 230 205.0
20120125 230 32.0
20120125 300 207.0
20120125 300 33.0
20120125 300 205.0
20120125 300 32.0
20120125 330 204.0
20120125 330 207.0
20120125 330 33.0
20120125 330 205.0
20120125 330 32.0
20120125 400 206.0
20120125 400 207.0
20120125 400 204.0
20120125 400 205.0
20120125 400 32.0
20120125 430 32.0
20120125 430 206.0
20120125 430 204.0
20120125 430 207.0
20120125 430 205.0
20120125 500 206.0
20120125 500 204.0
20120125 500 207.0
20120125 500 205.0
20120125 500 33.0
20120125 630 205.0
20120125 630 206.0
20120125 630 204.0
20120125 630 207.0
20120204 630 33.0
20120204 630 205.0
20120204 630 206.0
20120204 630 207.0
20120204 630 204.0
20120207 500 32.0
20120207 500 206.0
20120207 500 207.0
20120207 500 204.0
20120207 500 205.0
20120207 500 33.0
20120207 530 206.0
20120207 530 207.0
20120207 530 204.0
20120207 530 33.0
20120207 530 205.0
20120214 600 205.0
20120214 600 206.0
20120214 600 207.0
20120214 600 33.0
20120214 630 205.0
20120214 630 33.0
20120214 630 32.0
20120214 630 206.0
20120214 630 207.0
20120214 700 205.0
20120214 700 207.0
20120214 700 33.0
20120214 700 32.0
20120214 700 206.0
20120214 730 207.0
20120214 730 33.0
20120214 730 205.0
20120214 730 32.0
20120215 300 204.0
20120215 300 206.0
20120215 300 207.0
20120215 300 205.0
20120219 400 32.0
20120219 400 206.0
20120219 400 207.0
20120219 400 204.0
20120219 400 33.0
20120219 400 205.0
20120219 430 32.0
20120219 430 206.0
20120219 430 204.0
20120219 430 207.0
20120219 430 205.0
20120219 430 33.0
20120219 500 32.0
20120219 500 205.0
20120219 500 206.0
20120219 500 207.0
20120219 500 204.0
20120219 500 33.0
20120219 530 205.0
20120219 530 206.0
20120219 530 204.0
20120219 530 207.0
20120219 530 33.0
20120219 630 33.0
20120219 630 206.0
20120219 630 204.0
20120219 630 207.0
20120220 400 204.0
20120220 400 207.0
20120220 400 33.0
20120220 400 205.0
20120220 500 206.0
20120220 500 207.0
20120220 500 33.0
20120220 500 204.0
20120220 600 206.0
20120220 600 204.0
20120220 600 207.0
20120220 600 33.0
20120222 430 32.0
20120222 430 204.0
20120222 430 206.0
20120222 430 207.0
20120222 430 33.0
20120222 430 205.0
20120222 500 206.0
20120222 500 204.0
20120222 500 207.0
20120222 500 205.0
20120222 500 33.0
20120222 600 32.0
20120222 600 206.0
20120222 600 207.0
20120222 600 204.0
20120222 600 33.0
20120226 730 204.0
20120226 730 33.0
20120226 730 205.0
20120226 730 206.0
20120226 730 207.0
20120309 200 206.0
20120309 200 204.0
20120309 200 207.0
20120309 200 33.0
20120309 200 205.0
20120309 330 206.0
20120309 330 204.0
20120309 330 207.0
20120309 330 33.0
20120309 330 32.0
20120309 400 206.0
20120309 400 207.0
20120309 400 204.0
20120309 400 205.0
20120309 400 33.0
20120310 130 207.0
20120310 130 204.0
20120310 130 33.0
20120310 130 205.0
20120310 130 32.0
20120310 200 206.0
20120310 200 204.0
20120310 200 207.0
20120310 200 33.0
20120310 200 205.0
20120310 200 32.0
20120310 230 206.0
20120310 230 204.0
20120310 230 207.0
20120310 230 33.0
20120310 230 205.0
20120310 230 32.0
20120310 300 206.0
20120310 300 204.0
20120310 300 207.0
20120310 300 205.0
20120310 300 33.0
20120310 330 206.0
20120310 330 204.0
20120310 330 207.0
20120310 330 33.0
20120311 400 206.0
20120311 400 207.0
20120311 400 204.0
20120311 400 205.0
20120311 500 32.0
20120311 500 206.0
20120311 500 207.0
20120311 500 204.0
20120311 530 32.0
20120311 530 206.0
20120311 530 204.0
20120311 530 207.0
20120311 530 205.0
20120311 600 33.0
20120311 600 205.0
20120311 600 206.0
20120311 600 207.0
20120311 600 204.0
20120311 630 33.0
20120311 630 205.0
20120311 630 32.0
20120311 630 206.0
20120311 630 207.0
20120311 630 204.0
20120313 400 206.0
20120313 400 204.0
20120313 400 207.0
20120313 400 205.0
20120313 430 206.0
20120313 430 204.0
20120313 430 207.0
20120313 430 33.0
20120313 430 205.0
20120314 330 207.0
20120314 330 204.0
20120314 330 205.0
20120314 330 33.0
20120314 330 32.0
20120314 400 206.0
20120314 400 204.0
20120314 400 207.0
20120314 400 205.0
20120314 400 33.0
20120314 400 32.0
20120314 500 206.0
20120314 500 204.0
20120314 500 207.0
20120314 500 33.0
20120314 500 205.0
20120314 530 206.0
20120314 530 204.0
20120314 530 207.0
20120314 530 33.0
20120314 530 205.0
20120315 330 207.0
20120315 330 33.0
20120315 330 204.0
20120315 330 205.0
20120315 330 32.0
20120315 400 207.0
20120315 400 204.0
20120315 400 33.0
20120315 400 205.0
20120315 400 32.0
20120315 430 204.0
20120315 430 207.0
20120315 430 33.0
20120315 430 205.0
20120315 500 204.0
20120315 500 207.0
20120315 500 205.0
20120315 500 33.0
20120315 530 33.0
20120315 530 207.0
20120315 530 204.0
20120315 530 205.0
20120315 600 33.0
20120315 600 32.0
20120315 600 207.0
20120315 600 204.0
20120315 600 205.0
20120316 30 205.0
20120316 30 33.0
20120316 30 207.0
20120316 30 32.0
20120316 100 206.0
20120316 100 207.0
20120316 100 205.0
20120316 100 33.0
20120316 100 32.0
20120316 130 206.0
20120316 130 207.0
20120316 130 204.0
20120316 130 33.0
20120316 130 205.0
20120316 200 206.0
20120316 200 204.0
20120316 200 207.0
20120316 200 205.0
20120316 200 33.0
20120316 230 206.0
20120316 230 207.0
20120316 230 204.0
20120316 230 33.0
20120316 230 205.0
20120316 300 206.0
20120316 300 207.0
20120316 300 204.0
20120316 300 205.0
20120316 330 206.0
20120316 330 204.0
20120316 330 207.0
20120316 330 205.0
20120316 400 206.0
20120316 400 207.0
20120316 400 204.0
20120316 400 205.0
20120318 300 206.0
20120318 300 207.0
20120318 300 204.0
20120318 300 205.0
20120318 300 33.0
20120318 330 204.0
20120318 330 206.0
20120318 330 207.0
20120318 330 33.0
20120318 330 205.0
20120318 400 204.0
20120318 400 206.0
20120318 400 207.0
20120318 400 205.0
20120319 430 206.0
20120319 430 204.0
20120319 430 207.0
20120319 430 33.0
20120319 430 205.0
20120319 500 206.0
20120319 500 207.0
20120319 500 204.0
20120319 500 205.0
20120319 500 33.0
20120324 700 33.0
20120324 700 207.0
20120324 700 206.0
20120324 700 204.0
20120327 630 33.0
20120327 630 205.0
20120327 630 32.0
20120327 630 206.0
20120327 630 204.0
20120327 630 207.0
20120327 700 204.0
20120327 700 205.0
20120327 700 207.0
20120327 700 33.0
20120327 700 32.0
20120327 700 206.0
20120328 200 206.0
20120328 200 207.0
20120328 200 204.0
20120328 200 205.0
20120328 400 32.0
20120328 400 206.0
20120328 400 207.0
20120328 400 204.0
20120328 400 205.0
20120328 530 206.0
20120328 530 204.0
20120328 530 207.0
20120328 530 205.0
20120328 600 33.0
20120328 600 205.0
20120328 600 206.0
20120328 600 204.0
20120328 600 207.0
20120328 630 33.0
20120328 630 205.0
20120328 630 206.0
20120328 630 204.0
20120328 630 207.0
20120328 700 33.0
20120328 700 207.0
20120328 700 205.0
20120328 700 206.0
20120328 700 204.0
20120328 730 207.0
20120328 730 205.0
20120328 730 206.0
20120328 730 204.0
20120328 800 204.0
20120328 800 207.0
20120328 800 205.0
20120328 800 206.0
20120402 500 32.0
20120402 500 204.0
20120402 500 205.0
20120402 500 207.0
20120402 530 205.0
20120402 530 32.0
20120402 530 206.0
20120402 530 204.0
20120402 530 207.0
20120402 600 33.0
20120402 600 205.0
20120402 600 32.0
20120402 600 206.0
20120402 600 207.0
20120402 600 204.0
20120402 630 33.0
20120402 630 205.0
20120402 630 32.0
20120402 630 206.0
20120402 630 204.0
20120402 630 207.0
20120403 430 32.0
20120403 430 204.0
20120403 430 207.0
20120403 430 33.0
20120403 430 205.0
20120403 600 33.0
20120403 600 32.0
20120403 600 206.0
20120403 600 207.0
20120405 600 33.0
20120405 600 205.0
20120405 600 206.0
20120405 600 207.0
20120405 600 204.0
20120405 630 33.0
20120405 630 205.0
20120405 630 32.0
20120405 630 206.0
20120405 630 204.0
20120405 630 207.0
20120405 700 33.0
20120405 700 207.0
20120405 700 206.0
20120405 700 204.0
20120405 730 207.0
20120405 730 33.0
20120405 730 205.0
20120405 730 32.0
20120405 730 204.0
20120407 700 207.0
20120407 700 33.0
20120407 700 205.0
20120407 700 32.0
20120407 700 206.0
20120407 700 204.0
20120412 700 33.0
20120412 700 204.0
20120412 700 207.0
20120412 700 206.0
20120413 0 204.0
20120413 0 205.0
20120413 0 207.0
20120413 0 33.0
20120413 0 32.0
20120413 500 32.0
20120413 500 206.0
20120413 500 207.0
20120413 500 204.0
20120413 500 205.0
20120413 500 33.0
20120413 530 33.0
20120413 530 205.0
20120413 530 32.0
20120413 530 206.0
20120413 530 204.0
20120413 530 207.0
20120413 600 33.0
20120413 600 205.0
20120413 600 32.0
20120413 600 206.0
20120413 600 207.0
20120413 600 204.0
20120413 700 205.0
20120413 700 207.0
20120413 700 206.0
20120413 700 204.0
20120414 330 32.0
20120414 330 204.0
20120414 330 205.0
20120414 330 207.0
20120414 330 33.0
20120414 430 32.0
20120414 430 204.0
20120414 430 33.0
20120414 430 205.0
20120414 500 206.0
20120414 500 204.0
20120414 500 207.0
20120414 500 205.0
20120417 830 204.0
20120417 830 206.0
20120417 830 207.0
20120417 830 33.0
20120417 830 205.0
20120420 630 33.0
20120420 630 205.0
20120420 630 206.0
20120420 630 204.0
20120420 630 207.0
20120420 700 33.0
20120420 700 207.0
20120420 700 32.0
20120420 700 205.0
20120420 700 206.0
20120420 700 204.0
20120420 730 207.0
20120420 730 33.0
20120420 730 205.0
20120420 730 32.0
20120420 730 206.0
20120420 800 204.0
20120420 800 33.0
20120420 800 207.0
20120420 800 205.0
20120420 800 206.0
20120423 630 33.0
20120423 630 205.0
20120423 630 207.0
20120423 630 206.0
20120423 630 204.0
20120423 700 33.0
20120423 700 207.0
20120423 700 206.0
20120423 700 204.0
20120423 800 204.0
20120423 800 207.0
20120423 800 33.0
20120423 800 205.0
20120423 800 206.0
20120424 0 206.0
20120424 0 204.0
20120424 0 205.0
20120424 0 207.0
20120424 30 207.0
20120424 30 204.0
20120424 30 205.0
20120424 30 33.0
20120424 100 206.0
20120424 100 204.0
20120424 100 207.0
20120424 100 205.0
20120424 100 33.0
20120424 100 32.0
20120424 130 206.0
20120424 130 207.0
20120424 130 204.0
20120424 130 33.0
20120424 130 205.0
20120424 130 32.0
20120424 200 206.0
20120424 200 207.0
20120424 200 33.0
20120424 200 32.0
20120424 230 206.0
20120424 230 207.0
20120424 230 204.0
20120424 230 33.0
20120424 230 205.0
20120424 230 32.0
20120424 300 206.0
20120424 300 207.0
20120424 300 204.0
20120424 300 33.0
20120424 300 205.0
20120424 330 206.0
20120424 330 207.0
20120424 330 204.0
20120424 330 33.0
20120424 330 205.0
20120424 530 205.0
20120424 530 206.0
20120424 530 204.0
20120424 530 207.0
20120425 130 207.0
20120425 130 33.0
20120425 130 204.0
20120425 130 205.0
20120425 130 32.0
20120425 200 204.0
20120425 200 207.0
20120425 200 205.0
20120425 200 32.0
20120425 230 206.0
20120425 230 207.0
20120425 230 204.0
20120425 230 205.0
20120425 230 33.0
20120425 300 206.0
20120425 300 204.0
20120425 300 207.0
20120425 300 205.0
20120425 300 32.0
20120425 330 206.0
20120425 330 207.0
20120425 330 204.0
20120425 330 205.0
20120425 330 32.0
20120426 200 207.0
20120426 200 204.0
20120426 200 205.0
20120426 200 33.0
20120426 200 32.0
20120426 230 206.0
20120426 230 204.0
20120426 230 207.0
20120426 230 33.0
20120426 230 205.0
20120426 230 32.0
20120426 300 206.0
20120426 300 207.0
20120426 300 204.0
20120426 300 205.0
20120426 300 33.0
20120426 330 206.0
20120426 330 204.0
20120426 330 207.0
20120426 330 205.0
20120429 930 204.0
20120429 930 207.0
20120429 930 33.0
20120429 930 205.0
20120429 930 32.0
20120503 730 204.0
20120503 730 207.0
20120503 730 205.0
20120503 730 206.0
20120509 700 204.0
20120509 700 205.0
20120509 700 207.0
20120509 700 33.0
20120509 700 206.0
20120510 500 206.0
20120510 500 204.0
20120510 500 207.0
20120510 500 205.0
20120510 530 206.0
20120510 530 204.0
20120510 530 207.0
20120510 530 205.0
20120510 600 33.0
20120510 600 206.0
20120510 600 204.0
20120510 600 207.0
20120511 400 206.0
20120511 400 207.0
20120511 400 204.0
20120511 400 205.0
20120513 630 205.0
20120513 630 33.0
20120513 630 206.0
20120513 630 204.0
20120513 630 207.0
20120513 700 204.0
20120513 700 205.0
20120513 700 207.0
20120513 700 33.0
20120513 700 206.0
20120513 730 204.0
20120513 730 207.0
20120513 730 33.0
20120513 730 205.0
20120513 730 206.0
20120513 800 204.0
20120513 800 207.0
20120513 800 205.0
20120513 800 33.0
20120513 800 206.0
20120513 830 204.0
20120513 830 206.0
20120513 830 207.0
20120513 830 33.0
20120513 830 205.0
20120520 630 33.0
20120520 630 205.0
20120520 630 206.0
20120520 630 207.0
20120520 630 204.0
20120520 700 204.0
20120520 700 205.0
20120520 700 207.0
20120520 700 33.0
20120520 700 32.0
20120520 700 206.0
20120520 730 204.0
20120520 730 207.0
20120520 730 205.0
20120520 730 33.0
20120520 730 32.0
20120520 730 206.0
20120523 430 32.0
20120523 430 206.0
20120523 430 207.0
20120523 430 204.0
20120523 430 205.0
20120523 430 33.0
20120523 500 32.0
20120523 500 206.0
20120523 500 207.0
20120523 500 204.0
20120523 500 205.0
20120523 530 33.0
20120523 530 205.0
20120523 530 32.0
20120523 530 206.0
20120523 530 204.0
20120523 530 207.0
20120523 600 33.0
20120523 600 205.0
20120523 600 32.0
20120523 600 206.0
20120523 600 207.0
20120523 600 204.0
20120523 630 33.0
20120523 630 205.0
20120523 630 206.0
20120523 630 204.0
20120523 630 207.0
20120523 700 204.0
20120523 700 205.0
20120523 700 207.0
20120523 700 33.0
20120523 700 206.0
20120523 730 204.0
20120523 730 207.0
20120523 730 33.0
20120523 730 205.0
20120523 730 206.0
20120523 830 204.0
20120523 830 207.0
20120523 830 33.0
20120523 830 205.0
20120524 730 204.0
20120524 730 207.0
20120524 730 33.0
20120524 730 205.0
20120524 730 206.0
20120603 730 204.0
20120603 730 33.0
20120603 730 205.0
20120603 730 206.0
20120603 730 207.0
20120603 800 204.0
20120603 800 207.0
20120603 800 33.0
20120603 800 205.0
20120603 800 206.0
20120603 830 204.0
20120603 830 206.0
20120603 830 207.0
20120603 830 33.0
20120605 500 32.0
20120605 500 33.0
20120605 500 206.0
20120605 500 207.0
20120605 500 204.0
20120605 500 205.0
20120605 530 33.0
20120605 530 205.0
20120605 530 32.0
20120605 530 207.0
20120605 530 204.0
20120605 600 33.0
20120605 600 205.0
20120605 600 206.0
20120605 600 207.0
20120605 600 204.0
20120605 630 33.0
20120605 630 205.0
20120605 630 206.0
20120605 630 204.0
20120605 630 207.0
20120606 530 205.0
20120606 530 32.0
20120606 530 206.0
20120606 530 207.0
20120606 530 204.0
20120611 900 206.0
20120611 900 204.0
20120611 900 207.0
20120611 900 33.0
20120611 900 205.0
20120611 930 206.0
20120611 930 204.0
20120611 930 207.0
20120611 930 33.0
20120611 930 205.0
20120611 1000 206.0
20120611 1000 204.0
20120611 1000 207.0
20120611 1000 33.0
20120612 430 207.0
20120612 430 204.0
20120612 430 33.0
20120612 430 205.0
20120618 130 206.0
20120618 130 207.0
20120618 130 205.0
20120618 130 33.0
20120618 130 32.0
20120618 200 206.0
20120618 200 207.0
20120618 200 205.0
20120618 200 32.0
20120618 200 33.0
20120618 230 206.0
20120618 230 207.0
20120618 230 204.0
20120618 230 205.0
20120618 230 33.0
20120618 230 32.0
20120618 300 206.0
20120618 300 207.0
20120618 300 204.0
20120618 300 33.0
20120618 300 205.0
20120618 300 32.0
20120618 330 32.0
20120618 330 206.0
20120618 330 204.0
20120618 330 207.0
20120618 330 205.0
20120618 330 33.0
20120618 400 206.0
20120618 400 207.0
20120618 400 204.0
20120618 400 33.0
20120618 400 205.0
20120618 430 206.0
20120618 430 204.0
20120618 430 207.0
20120618 430 33.0
20120618 430 205.0
20120625 830 206.0
20120625 830 207.0
20120625 830 204.0
20120625 830 33.0
20120625 830 205.0
20120625 900 206.0
20120625 900 207.0
20120625 900 204.0
20120625 900 205.0
20120625 900 33.0
20120626 700 204.0
20120626 700 205.0
20120626 700 33.0
20120626 700 206.0
20120626 700 207.0
20120626 900 206.0
20120626 900 207.0
20120626 900 204.0
20120626 900 33.0
20120628 900 204.0
20120628 900 206.0
20120628 900 207.0
20120628 900 33.0
20120628 900 205.0
20120630 700 33.0
20120630 700 205.0
20120630 700 207.0
20120630 700 32.0
20120630 700 206.0
20120630 700 204.0
20120630 800 204.0
20120630 800 207.0
20120630 800 205.0
20120630 800 33.0
20120630 800 206.0
20120630 830 204.0
20120630 830 207.0
20120630 830 33.0
20120630 830 32.0
20120630 830 206.0
20120630 900 204.0
20120630 900 206.0
20120630 900 207.0
20120630 900 33.0
20120701 430 206.0
20120701 430 204.0
20120701 430 207.0
20120701 430 205.0
20120701 430 33.0
20120701 500 32.0
20120701 500 206.0
20120701 500 207.0
20120701 500 204.0
20120701 500 205.0
20120701 530 32.0
20120701 530 206.0
20120701 530 204.0
20120701 530 207.0
20120701 530 205.0
20120701 600 33.0
20120701 600 205.0
20120701 600 32.0
20120701 600 206.0
20120701 600 207.0
20120701 600 204.0
20120702 230 206.0
20120702 230 207.0
20120702 230 204.0
20120702 230 33.0
20120702 230 205.0
20120702 230 32.0
20120702 600 33.0
20120702 600 205.0
20120702 600 32.0
20120702 600 204.0
20120702 600 206.0
20120702 600 207.0
20120702 630 33.0
20120702 630 205.0
20120702 630 206.0
20120702 630 204.0
20120702 630 207.0
20120702 800 204.0
20120702 800 33.0
20120702 800 207.0
20120702 800 205.0
20120702 800 206.0
20120703 600 205.0
20120703 600 206.0
20120703 600 204.0
20120703 600 207.0
20120704 630 33.0
20120704 630 205.0
20120704 630 206.0
20120704 630 204.0
20120704 630 207.0
20120704 700 33.0
20120704 700 204.0
20120704 700 205.0
20120704 700 207.0
20120704 700 32.0
20120704 700 206.0
20120704 730 204.0
20120704 730 207.0
20120704 730 205.0
20120704 730 206.0
20120706 700 205.0
20120706 700 32.0
20120706 700 33.0
20120706 700 206.0
20120706 700 207.0
20120706 800 204.0
20120706 800 207.0
20120706 800 205.0
20120706 800 206.0
20120706 830 204.0
20120706 830 207.0
20120706 830 205.0
20120706 830 206.0
20120709 430 32.0
20120709 430 205.0
20120709 430 206.0
20120709 430 207.0
20120709 430 204.0
20120709 430 33.0
20120709 500 32.0
20120709 500 206.0
20120709 500 207.0
20120709 500 204.0
20120709 500 205.0
20120709 500 33.0
20120709 630 33.0
20120709 630 205.0
20120709 630 206.0
20120709 630 204.0
20120709 630 207.0
20120709 700 204.0
20120709 700 205.0
20120709 700 33.0
20120709 700 32.0
20120709 700 206.0
20120709 700 207.0
20120709 730 204.0
20120709 730 207.0
20120709 730 33.0
20120709 730 205.0
20120709 730 32.0
20120709 730 206.0
20120709 800 204.0
20120709 800 207.0
20120709 800 33.0
20120709 800 205.0
20120709 800 206.0
20120709 830 204.0
20120709 830 207.0
20120709 830 33.0
20120709 830 205.0
20120709 830 206.0
20120709 900 207.0
20120709 900 204.0
20120709 900 33.0
20120709 900 205.0
20120709 900 32.0
20120709 900 206.0
20120709 930 206.0
20120709 930 204.0
20120709 930 207.0
20120709 930 33.0
20120709 930 205.0
20120709 930 32.0
20120710 400 204.0
20120710 400 207.0
20120710 400 33.0
20120710 400 205.0
20120710 400 32.0
20120710 430 32.0
20120710 430 206.0
20120710 430 204.0
20120710 430 207.0
20120710 430 33.0
20120710 430 205.0
20120710 500 206.0
20120710 500 207.0
20120710 500 204.0
20120710 500 205.0
20120710 500 33.0
20120710 530 33.0
20120710 530 205.0
20120710 530 32.0
20120710 530 206.0
20120710 530 204.0
20120710 530 207.0
20120710 600 33.0
20120710 600 206.0
20120710 600 207.0
20120710 600 204.0
20120710 630 33.0
20120710 630 207.0
20120710 630 206.0
20120710 630 204.0
20120710 700 207.0
20120710 700 33.0
20120710 700 206.0
20120710 700 204.0
20120711 800 204.0
20120711 800 207.0
20120711 800 33.0
20120711 800 205.0
20120711 800 206.0
20120711 830 204.0
20120711 830 207.0
20120711 830 33.0
20120711 830 205.0
20120711 830 206.0
20120711 900 204.0
20120711 900 33.0
20120711 900 207.0
20120711 900 205.0
20120711 930 206.0
20120711 930 204.0
20120711 930 207.0
20120711 930 205.0
20120711 1000 206.0
20120711 1000 204.0
20120711 1000 207.0
20120711 1000 33.0
20120712 700 33.0
20120712 700 204.0
20120712 700 205.0
20120712 700 207.0
20120712 700 206.0
20120716 0 206.0
20120716 0 204.0
20120716 0 207.0
20120716 0 205.0
20120716 0 32.0
20120716 0 33.0
20120716 30 206.0
20120716 30 204.0
20120716 30 207.0
20120716 30 205.0
20120716 30 33.0
20120716 30 32.0
20120716 100 206.0
20120716 100 204.0
20120716 100 205.0
20120716 100 207.0
20120716 100 33.0
20120716 100 32.0
20120716 130 206.0
20120716 130 204.0
20120716 130 207.0
20120716 130 205.0
20120716 130 33.0
20120716 130 32.0
20120716 200 206.0
20120716 200 207.0
20120716 200 204.0
20120716 200 205.0
20120716 200 33.0
20120716 330 206.0
20120716 330 207.0
20120716 330 33.0
20120716 330 32.0
20120717 200 206.0
20120717 200 207.0
20120717 200 33.0
20120717 200 205.0
20120717 200 32.0
20120717 230 206.0
20120717 230 207.0
20120717 230 204.0
20120717 230 33.0
20120717 230 205.0
20120717 230 32.0
20120717 300 206.0
20120717 300 207.0
20120717 300 204.0
20120717 300 205.0
20120717 300 33.0
20120717 300 32.0
20120717 330 206.0
20120717 330 207.0
20120717 330 204.0
20120717 330 33.0
20120717 330 205.0
20120717 330 32.0
20120717 400 32.0
20120717 400 206.0
20120717 400 207.0
20120717 400 204.0
20120717 400 33.0
20120717 400 205.0
20120717 430 206.0
20120717 430 204.0
20120717 430 207.0
20120717 430 33.0
20120717 430 205.0
20120717 500 206.0
20120717 500 207.0
20120717 500 204.0
20120717 500 33.0
20120722 800 204.0
20120722 800 207.0
20120722 800 33.0
20120722 800 206.0
20120722 1000 206.0
20120722 1000 207.0
20120722 1000 204.0
20120722 1000 205.0
20120722 1000 33.0
20120729 800 204.0
20120729 800 207.0
20120729 800 205.0
20120729 800 206.0
20120730 700 204.0
20120730 700 205.0
20120730 700 206.0
20120730 700 207.0
20120730 930 206.0
20120730 930 204.0
20120730 930 207.0
20120730 930 205.0
20120730 1000 206.0
20120730 1000 204.0
20120730 1000 207.0
20120730 1000 205.0
20120803 430 32.0
20120803 430 204.0
20120803 430 206.0
20120803 430 207.0
20120803 430 205.0
20120803 500 32.0
20120803 500 205.0
20120803 500 206.0
20120803 500 207.0
20120803 500 204.0
20120803 530 205.0
20120803 530 32.0
20120803 530 206.0
20120803 530 204.0
20120803 530 207.0
20120803 600 205.0
20120803 600 32.0
20120803 600 206.0
20120803 600 204.0
20120803 600 207.0
20120803 630 205.0
20120803 630 32.0
20120803 630 206.0
20120803 630 204.0
20120803 630 207.0
20120803 700 204.0
20120803 700 205.0
20120803 700 207.0
20120803 700 32.0
20120803 700 206.0
20120803 730 204.0
20120803 730 205.0
20120803 730 207.0
20120803 730 32.0
20120803 730 206.0
20120803 800 204.0
20120803 800 207.0
20120803 800 205.0
20120803 800 32.0
20120803 800 206.0
20120803 830 204.0
20120803 830 207.0
20120803 830 205.0
20120803 830 32.0
20120803 830 206.0
20120806 1000 206.0
20120806 1000 207.0
20120806 1000 204.0
20120806 1000 205.0
20120814 730 204.0
20120814 730 207.0
20120814 730 205.0
20120814 730 32.0
20120814 730 206.0
20120814 830 204.0
20120814 830 207.0
20120814 830 33.0
20120814 830 205.0
20120814 830 206.0
20120814 900 206.0
20120814 900 207.0
20120814 900 204.0
20120814 900 205.0
20120817 530 33.0
20120817 530 206.0
20120817 530 204.0
20120817 530 207.0
20120817 530 205.0
20120817 600 33.0
20120817 600 205.0
20120817 600 32.0
20120817 600 206.0
20120817 600 204.0
20120817 600 207.0
20120817 630 33.0
20120817 630 205.0
20120817 630 32.0
20120817 630 206.0
20120817 630 207.0
20120817 630 204.0
20120820 230 206.0
20120820 230 204.0
20120820 230 207.0
20120820 230 33.0
20120820 230 205.0
20120820 530 33.0
20120820 530 205.0
20120820 530 32.0
20120820 530 206.0
20120820 530 207.0
20120820 530 204.0
20120820 600 33.0
20120820 600 205.0
20120820 600 32.0
20120820 600 206.0
20120820 600 207.0
20120820 600 204.0
20120820 630 33.0
20120820 630 205.0
20120820 630 32.0
20120820 630 206.0
20120820 630 204.0
20120820 630 207.0
20120820 700 33.0
20120820 700 205.0
20120820 700 206.0
20120820 700 207.0
20120820 700 204.0
20120820 730 204.0
20120820 730 33.0
20120820 730 205.0
20120820 730 32.0
20120820 730 206.0
20120820 830 206.0
20120820 830 207.0
20120820 830 204.0
20120820 830 33.0
20120820 830 205.0
20120823 730 204.0
20120823 730 33.0
20120823 730 205.0
20120823 730 206.0
20120823 730 207.0
20120823 800 204.0
20120823 800 207.0
20120823 800 33.0
20120823 800 205.0
20120823 800 206.0
20120902 630 205.0
20120902 630 32.0
20120902 630 206.0
20120902 630 207.0
20120902 630 204.0
20120902 700 204.0
20120902 700 205.0
20120902 700 207.0
20120902 700 33.0
20120902 700 206.0
20120902 730 204.0
20120902 730 207.0
20120902 730 205.0
20120902 730 206.0
20120903 200 204.0
20120903 200 207.0
20120903 200 205.0
20120903 200 32.0
20120903 230 206.0
20120903 230 207.0
20120903 230 204.0
20120903 230 205.0
20120903 230 32.0
20120904 200 206.0
20120904 200 204.0
20120904 200 207.0
20120904 200 205.0
20120904 200 32.0
20120904 230 206.0
20120904 230 204.0
20120904 230 207.0
20120904 230 205.0
20120904 230 32.0
20120904 300 206.0
20120904 300 204.0
20120904 300 207.0
20120904 300 205.0
20120904 330 204.0
20120904 330 206.0
20120904 330 207.0
20120904 330 205.0
20120904 400 206.0
20120904 400 204.0
20120904 400 207.0
20120904 400 205.0
20120904 430 204.0
20120904 430 206.0
20120904 430 207.0
20120904 430 205.0
20120904 500 206.0
20120904 500 204.0
20120904 500 207.0
20120904 500 205.0
20120904 530 206.0
20120904 530 204.0
20120904 530 207.0
20120904 530 205.0
20120905 130 204.0
20120905 130 206.0
20120905 130 207.0
20120905 130 205.0
20120905 130 32.0
20120905 200 206.0
20120905 200 204.0
20120905 200 207.0
20120905 200 205.0
20120905 200 32.0
20120905 230 206.0
20120905 230 204.0
20120905 230 207.0
20120905 230 205.0
20120905 230 32.0
20120905 300 206.0
20120905 300 207.0
20120905 300 204.0
20120905 300 205.0
20120905 330 206.0
20120905 330 204.0
20120905 330 207.0
20120905 330 205.0
20120905 430 32.0
20120905 430 206.0
20120905 430 207.0
20120905 430 204.0
20120905 430 205.0
20120905 530 206.0
20120905 530 207.0
20120905 530 204.0
20120905 530 205.0
20120905 600 205.0
20120905 600 206.0
20120905 600 207.0
20120905 600 204.0
20120907 530 204.0
20120907 530 206.0
20120907 530 207.0
20120907 530 205.0
20120907 800 204.0
20120907 800 207.0
20120907 800 205.0
20120907 800 206.0
20120918 630 33.0
20120918 630 205.0
20120918 630 209.0
20120918 630 206.0
20120918 700 33.0
20120918 700 205.0
20120918 700 208.0
20120918 700 206.0
20120918 700 209.0
20120918 730 33.0
20120918 730 205.0
20120918 730 208.0
20120918 730 206.0
20121001 130 209.0
20121001 130 204.0
20121001 130 206.0
20121001 130 207.0
20121001 130 33.0
20121001 200 209.0
20121001 200 204.0
20121001 200 33.0
20121001 200 205.0
20121001 200 32.0
20121001 300 206.0
20121001 300 204.0
20121001 300 207.0
20121001 300 205.0
20121001 630 33.0
20121001 630 205.0
20121001 630 32.0
20121001 630 208.0
20121001 630 209.0
20121001 630 206.0
20121001 630 204.0
20121001 630 207.0
20121001 700 33.0
20121001 700 204.0
20121001 700 205.0
20121001 700 208.0
20121001 700 209.0
20121001 700 206.0
20121001 700 207.0
20121001 830 204.0
20121001 830 206.0
20121001 830 207.0
20121001 830 33.0
20121001 830 205.0
20121001 830 208.0
20121001 830 209.0
20121001 900 206.0
20121001 900 204.0
20121001 900 208.0
20121001 900 209.0
20121008 300 206.0
20121008 300 207.0
20121008 300 205.0
20121008 300 32.0
20121008 400 32.0
20121008 400 209.0
20121008 400 206.0
20121008 400 207.0
20121008 400 205.0
20121008 430 32.0
20121008 430 206.0
20121008 430 207.0
20121008 430 204.0
20121008 430 33.0
20121008 430 205.0
20121008 800 207.0
20121008 800 208.0
20121008 800 209.0
20121008 800 206.0
20121008 1000 206.0
20121008 1000 207.0
20121008 1000 208.0
20121008 1000 209.0
20121009 0 209.0
20121009 0 206.0
20121009 0 204.0
20121009 0 207.0
20121009 0 33.0
20121009 0 205.0
20121009 0 32.0
20121009 100 206.0
20121009 100 207.0
20121009 100 204.0
20121009 100 205.0
20121009 100 33.0
20121009 100 32.0
20121009 400 208.0
20121009 400 209.0
20121009 400 206.0
20121009 400 207.0
20121009 400 33.0
20121009 500 208.0
20121009 500 209.0
20121009 500 206.0
20121009 500 207.0
20121012 630 205.0
20121012 630 33.0
20121012 630 206.0
20121012 630 207.0
20121012 630 204.0
20121012 700 204.0
20121012 700 205.0
20121012 700 206.0
20121012 700 207.0
20121012 730 204.0
20121012 730 207.0
20121012 730 205.0
20121012 730 33.0
20121012 730 32.0
20121012 730 206.0
20121012 800 204.0
20121012 800 207.0
20121012 800 205.0
20121012 800 206.0
20121012 1130 206.0
20121012 1130 207.0
20121012 1130 33.0
20121012 1130 204.0
20121012 1130 205.0
20121013 200 206.0
20121013 200 207.0
20121013 200 204.0
20121013 200 205.0
20121013 300 206.0
20121013 300 207.0
20121013 300 204.0
20121013 300 205.0
20121013 300 33.0
20121013 300 32.0
20121013 330 206.0
20121013 330 207.0
20121013 330 204.0
20121013 330 205.0
20121013 330 33.0
20121013 330 32.0
20121013 400 206.0
20121013 400 204.0
20121013 400 207.0
20121013 400 205.0
20121013 400 33.0
20121013 430 206.0
20121013 430 204.0
20121013 430 207.0
20121013 430 33.0
20121013 430 205.0
20121013 500 33.0
20121013 500 206.0
20121013 500 204.0
20121013 500 207.0
20121014 100 204.0
20121014 100 206.0
20121014 100 207.0
20121014 100 33.0
20121014 100 205.0
20121014 100 32.0
20121014 130 204.0
20121014 130 206.0
20121014 130 207.0
20121014 130 205.0
20121014 130 33.0
20121014 200 206.0
20121014 200 204.0
20121014 200 207.0
20121014 200 33.0
20121014 200 205.0
20121014 230 206.0
20121014 230 204.0
20121014 230 207.0
20121014 230 205.0
20121014 230 33.0
20121014 300 206.0
20121014 300 204.0
20121014 300 207.0
20121014 300 205.0
20121014 300 33.0
20121014 330 206.0
20121014 330 209.0
20121014 330 207.0
20121014 330 204.0
20121014 330 205.0
20121015 430 206.0
20121015 430 207.0
20121015 430 204.0
20121015 430 205.0
20121017 800 204.0
20121017 800 207.0
20121017 800 33.0
20121017 800 205.0
20121017 800 209.0
20121017 800 208.0
20121017 800 206.0
20121017 830 204.0
20121017 830 206.0
20121017 830 207.0
20121017 830 33.0
20121017 830 205.0
20121023 700 204.0
20121023 700 205.0
20121023 700 209.0
20121023 700 206.0
20121023 700 207.0
20121101 730 208.0
20121101 730 209.0
20121101 730 206.0
20121101 730 204.0
20121101 730 207.0
20121101 900 206.0
20121101 900 204.0
20121101 900 208.0
20121101 900 209.0
20121114 100 204.0
20121114 100 206.0
20121114 100 33.0
20121114 100 205.0
20121114 100 207.0
20121114 100 32.0
20121114 130 204.0
20121114 130 209.0
20121114 130 207.0
20121114 130 205.0
20121114 130 33.0
20121114 130 32.0
20121114 300 204.0
20121114 300 206.0
20121114 300 207.0
20121114 300 205.0
20121114 300 33.0
20121114 300 32.0
20121114 330 206.0
20121114 330 207.0
20121114 330 204.0
20121114 330 33.0
20121114 330 205.0
20121114 330 32.0
20121114 400 32.0
20121114 400 209.0
20121114 400 206.0
20121114 400 204.0
20121114 400 207.0
20121114 400 205.0
20121114 400 33.0
20121114 430 208.0
20121114 430 209.0
20121114 430 206.0
20121114 430 204.0
20121114 430 207.0
20121114 430 205.0
20121114 430 33.0
20121114 500 33.0
20121114 500 32.0
20121114 500 209.0
20121114 500 206.0
20121114 500 204.0
20121114 500 207.0
20121114 500 205.0
20121114 530 33.0
20121114 530 208.0
20121114 530 209.0
20121114 530 206.0
20121114 530 207.0
20121114 530 204.0
20121114 530 205.0
20121114 600 208.0
20121114 600 209.0
20121114 600 206.0
20121114 600 207.0
20121120 400 206.0
20121120 400 207.0
20121120 400 33.0
20121120 400 205.0
20121121 130 204.0
20121121 130 33.0
20121121 130 205.0
20121121 130 207.0
20121121 130 32.0
20121121 200 204.0
20121121 200 206.0
20121121 200 207.0
20121121 200 33.0
20121121 200 205.0
20121121 200 32.0
20121121 230 204.0
20121121 230 206.0
20121121 230 207.0
20121121 230 33.0
20121121 230 32.0
20121121 300 206.0
20121121 300 204.0
20121121 300 207.0
20121121 300 33.0
20121121 300 205.0
20121121 300 32.0
20121124 200 206.0
20121124 200 207.0
20121124 200 204.0
20121124 200 33.0
20121124 230 204.0
20121124 230 206.0
20121124 230 207.0
20121124 230 33.0
20121124 230 205.0
20121124 230 32.0
20121124 300 206.0
20121124 300 204.0
20121124 300 207.0
20121124 300 205.0
20121124 300 33.0
20121124 300 32.0
20121124 330 32.0
20121124 330 204.0
20121124 330 207.0
20121124 330 205.0
20121124 330 33.0
20121124 400 32.0
20121124 400 206.0
20121124 400 207.0
20121124 400 204.0
20121124 400 33.0
20121124 400 205.0
20121124 430 206.0
20121124 430 207.0
20121124 430 204.0
20121124 430 33.0
20121124 500 209.0
20121124 500 206.0
20121124 500 204.0
20121124 500 207.0
20121124 500 33.0
20121124 800 204.0
20121124 800 207.0
20121124 800 33.0
20121124 800 208.0
20121124 800 209.0
20121124 800 206.0
20121124 830 204.0
20121124 830 206.0
20121124 830 207.0
20121124 830 33.0
20121124 830 208.0
20121124 830 209.0
20121124 900 204.0
20121124 900 206.0
20121124 900 207.0
20121124 900 33.0
20121124 900 208.0
20121124 900 209.0
20121124 930 206.0
20121124 930 204.0
20121124 930 207.0
20121124 930 208.0
20121124 930 209.0
20121124 1000 206.0
20121124 1000 33.0
20121124 1000 204.0
20121124 1000 207.0
20121124 1000 208.0
20121124 1000 209.0
20130118 300 206.0
20130118 300 204.0
20130118 300 207.0
20130118 300 33.0
20130118 300 32.0
20130118 400 33.0
20130118 400 206.0
20130118 400 207.0
20130118 400 204.0
20130118 400 205.0
20130118 400 32.0
20130118 430 206.0
20130118 430 33.0
20130118 430 207.0
20130118 430 204.0
20130118 430 205.0
20130118 500 206.0
20130118 500 207.0
20130118 500 204.0
20130118 500 205.0
20130118 500 33.0
20130120 400 206.0
20130120 400 207.0
20130120 400 204.0
20130120 400 205.0
20130120 500 208.0
20130120 500 206.0
20130120 500 207.0
20130120 500 205.0
20130120 500 33.0
20130120 700 32.0
20130120 700 206.0
20130120 700 204.0
20130120 700 207.0
20130120 800 204.0
20130120 800 207.0
20130120 800 205.0
20130120 800 206.0
20130222 600 205.0
20130222 600 206.0
20130222 600 207.0
20130222 600 204.0
20130222 630 33.0
20130222 630 205.0
20130222 630 206.0
20130222 630 204.0
20130222 630 207.0
20130222 700 33.0
20130222 700 206.0
20130222 700 207.0
20130222 700 204.0
20130222 730 204.0
20130222 730 207.0
20130222 730 205.0
20130222 730 33.0
20130222 730 206.0
20130301 300 206.0
20130301 300 204.0
20130301 300 207.0
20130301 300 205.0
20130301 400 207.0
20130301 400 204.0
20130301 400 205.0
20130301 400 33.0
20130301 400 32.0
20130301 500 206.0
20130301 500 204.0
20130301 500 207.0
20130301 500 33.0
20130301 500 205.0
20130301 530 206.0
20130301 530 204.0
20130301 530 207.0
20130301 530 33.0
20130301 530 205.0
20130302 100 204.0
20130302 100 207.0
20130302 100 33.0
20130302 100 205.0
20130302 100 32.0
20130302 300 206.0
20130302 300 204.0
20130302 300 207.0
20130302 300 205.0
20130302 400 206.0
20130302 400 207.0
20130302 400 204.0
20130302 400 205.0
20130303 400 32.0
20130303 400 204.0
20130303 400 205.0
20130303 400 207.0
20130303 400 33.0
20130303 430 32.0
20130303 430 206.0
20130303 430 204.0
20130303 430 207.0
20130303 430 33.0
20130303 430 205.0
20130303 500 204.0
20130303 500 207.0
20130303 500 205.0
20130303 500 33.0
20130303 530 206.0
20130303 530 204.0
20130303 530 207.0
20130303 530 205.0
20130316 500 206.0
20130316 500 207.0
20130316 500 204.0
20130316 500 33.0
20130316 500 205.0
20130316 530 33.0
20130316 530 205.0
20130316 530 32.0
20130316 530 206.0
20130316 530 204.0
20130316 530 207.0
20130316 630 33.0
20130316 630 205.0
20130316 630 32.0
20130316 630 206.0
20130316 630 204.0
20130316 630 207.0
20130316 730 33.0
20130316 730 204.0
20130316 730 207.0
20130316 730 205.0
20130316 730 206.0
20130316 800 204.0
20130316 800 207.0
20130316 800 33.0
20130316 800 205.0
20130316 800 206.0
20130316 900 204.0
20130316 900 206.0
20130316 900 207.0
20130316 900 33.0
20130316 900 205.0
20130316 930 204.0
20130316 930 206.0
20130316 930 207.0
20130316 930 33.0
20130316 1000 206.0
20130316 1000 204.0
20130316 1000 207.0
20130316 1000 33.0
20130316 1030 204.0
20130316 1030 206.0
20130316 1030 207.0
20130316 1030 33.0
20130320 630 205.0
20130320 630 33.0
20130320 630 206.0
20130320 630 204.0
20130320 630 207.0
20130321 300 206.0
20130321 300 207.0
20130321 300 205.0
20130321 300 32.0
20130321 400 209.0
20130321 400 206.0
20130321 400 207.0
20130321 400 204.0
20130321 400 205.0
20130321 400 33.0
20130321 400 32.0
20130321 430 32.0
20130321 430 209.0
20130321 430 206.0
20130321 430 204.0
20130321 430 207.0
20130321 430 33.0
20130321 430 205.0
20130321 500 206.0
20130321 500 204.0
20130321 500 207.0
20130321 500 33.0
20130327 700 33.0
20130327 700 204.0
20130327 700 207.0
20130327 700 205.0
20130327 700 32.0
20130327 700 206.0
20130329 630 33.0
20130329 630 205.0
20130329 630 209.0
20130329 630 206.0
20130329 630 204.0
20130329 630 207.0
20130329 700 207.0
20130329 700 208.0
20130329 700 206.0
20130329 700 204.0
20130330 100 204.0
20130330 100 206.0
20130330 100 207.0
20130330 100 33.0
20130330 100 205.0
20130330 130 207.0
20130330 130 204.0
20130330 130 33.0
20130330 130 205.0
20130330 130 32.0
20130330 200 206.0
20130330 200 207.0
20130330 200 204.0
20130330 200 205.0
20130330 200 33.0
20130330 200 32.0
20130330 230 206.0
20130330 230 207.0
20130330 230 204.0
20130330 230 33.0
20130330 230 205.0
20130330 300 206.0
20130330 300 207.0
20130330 300 204.0
20130330 300 205.0
20130330 300 33.0
20130330 300 32.0
20130330 330 206.0
20130330 330 209.0
20130330 330 207.0
20130330 330 204.0
20130330 330 33.0
20130330 330 205.0
20130330 330 32.0
20130330 400 32.0
20130330 400 206.0
20130330 400 207.0
20130330 400 204.0
20130330 400 205.0
20130330 400 33.0
20130330 430 206.0
20130330 430 207.0
20130330 430 204.0
20130330 430 33.0
20130330 430 205.0
20130330 500 206.0
20130330 500 207.0
20130330 500 33.0
20130330 500 205.0
20130426 230 206.0
20130426 230 204.0
20130426 230 207.0
20130426 230 33.0
20130426 230 205.0
20130426 400 206.0
20130426 400 204.0
20130426 400 207.0
20130426 400 33.0
20130426 430 32.0
20130426 430 206.0
20130426 430 207.0
20130426 430 204.0
20130426 430 205.0
20130426 430 33.0
20130426 500 206.0
20130426 500 207.0
20130426 500 204.0
20130426 500 205.0
20130426 500 33.0
20130426 530 33.0
20130426 530 205.0
20130426 530 207.0
20130426 530 209.0
20130426 530 206.0
20130426 530 204.0
20130426 600 33.0
20130426 600 205.0
20130426 600 206.0
20130426 600 207.0
20130426 600 204.0
20130426 630 33.0
20130426 630 208.0
20130426 630 206.0
20130426 630 204.0
20130426 630 207.0
20130426 700 33.0
20130426 700 204.0
20130426 700 207.0
20130426 700 208.0
20130426 700 206.0
20130426 730 204.0
20130426 730 207.0
20130426 730 33.0
20130426 730 205.0
20130426 730 208.0
20130426 730 206.0
20130501 700 207.0
20130501 700 33.0
20130501 700 32.0
20130501 700 206.0
20130502 130 206.0
20130502 130 207.0
20130502 130 33.0
20130502 130 32.0
20130502 200 206.0
20130502 200 207.0
20130502 200 33.0
20130502 200 32.0
20130502 230 206.0
20130502 230 207.0
20130502 230 33.0
20130502 230 32.0
20130502 300 206.0
20130502 300 207.0
20130502 300 33.0
20130502 300 32.0
20130517 630 32.0
20130517 630 206.0
20130517 630 204.0
20130517 630 207.0
20130517 700 207.0
20130517 700 33.0
20130517 700 204.0
20130517 700 206.0
20130521 730 204.0
20130521 730 207.0
20130521 730 33.0
20130521 730 206.0
20130521 800 204.0
20130521 800 207.0
20130521 800 33.0
20130521 800 206.0
20130521 900 204.0
20130521 900 206.0
20130521 900 207.0
20130521 900 33.0
20130525 600 33.0
20130525 600 205.0
20130525 600 32.0
20130525 600 206.0
20130525 600 204.0
20130525 600 207.0
20130525 630 205.0
20130525 630 33.0
20130525 630 206.0
20130525 630 204.0
20130525 630 207.0
20130525 700 33.0
20130525 700 204.0
20130525 700 205.0
20130525 700 206.0
20130525 700 207.0
20130525 730 204.0
20130525 730 207.0
20130525 730 33.0
20130525 730 205.0
20130525 730 206.0
20130525 800 204.0
20130525 800 207.0
20130525 800 205.0
20130525 800 33.0
20130525 800 206.0
20130526 230 207.0
20130526 230 204.0
20130526 230 205.0
20130526 230 33.0
20130526 230 32.0
20130526 300 206.0
20130526 300 207.0
20130526 300 204.0
20130526 300 33.0
20130526 300 205.0
20130526 300 32.0
20130526 500 32.0
20130526 500 33.0
20130526 500 206.0
20130526 500 207.0
20130526 500 204.0
20130526 500 205.0
20130526 530 33.0
20130526 530 205.0
20130526 530 32.0
20130526 530 206.0
20130526 530 207.0
20130526 530 204.0
20130526 600 33.0
20130526 600 205.0
20130526 600 32.0
20130526 600 206.0
20130526 600 207.0
20130526 600 204.0
20130601 530 208.0
20130601 530 209.0
20130601 530 206.0
20130601 530 204.0
20130601 530 207.0
20130601 530 33.0
20130601 530 205.0
20130601 730 208.0
20130601 730 209.0
20130601 730 206.0
20130601 730 207.0
20130602 200 206.0
20130602 200 204.0
20130602 200 207.0
20130602 200 32.0
20130602 300 206.0
20130602 300 207.0
20130602 300 204.0
20130602 300 32.0
20130602 330 32.0
20130602 330 204.0
20130602 330 207.0
20130602 330 33.0
20130602 330 205.0
20130602 400 32.0
20130602 400 206.0
20130602 400 204.0
20130602 400 207.0
20130602 400 205.0
20130602 400 33.0
20130602 500 32.0
20130602 500 204.0
20130602 500 206.0
20130602 500 207.0
20130602 500 205.0
20130602 500 33.0
20130602 530 206.0
20130602 530 204.0
20130602 530 207.0
20130602 530 33.0
20130602 530 205.0
20130602 600 33.0
20130602 600 206.0
20130602 600 204.0
20130602 600 207.0
20130602 600 205.0
20130606 930 206.0
20130606 930 204.0
20130606 930 207.0
20130606 930 33.0
20130606 1000 206.0
20130606 1000 204.0
20130606 1000 207.0
20130606 1000 205.0
20130606 1000 209.0
20130607 300 209.0
20130607 300 206.0
20130607 300 207.0
20130607 300 204.0
20130607 400 208.0
20130607 400 209.0
20130607 400 206.0
20130607 400 207.0
20130607 400 204.0
20130607 400 205.0
20130607 430 206.0
20130607 430 207.0
20130607 430 204.0
20130607 430 33.0
20130607 430 205.0
20130607 500 208.0
20130607 500 206.0
20130607 500 204.0
20130607 500 207.0
20130607 500 205.0
20130607 500 33.0
20130607 630 33.0
20130607 630 208.0
20130607 630 206.0
20130607 630 204.0
20130607 630 207.0
20130607 700 208.0
20130607 700 206.0
20130607 700 207.0
20130607 700 204.0
20130610 230 204.0
20130610 230 207.0
20130610 230 33.0
20130610 230 205.0
20130610 630 33.0
20130610 630 205.0
20130610 630 32.0
20130610 630 206.0
20130610 630 204.0
20130610 630 207.0
20130610 700 204.0
20130610 700 205.0
20130610 700 207.0
20130610 700 33.0
20130610 700 32.0
20130610 700 206.0
20130610 730 33.0
20130610 730 204.0
20130610 730 207.0
20130610 730 205.0
20130610 730 206.0
20130610 730 209.0
20130621 430 32.0
20130621 430 206.0
20130621 430 207.0
20130621 430 204.0
20130621 430 205.0
20130621 430 33.0
20130621 500 32.0
20130621 500 206.0
20130621 500 204.0
20130621 500 207.0
20130621 500 205.0
20130621 630 33.0
20130621 630 205.0
20130621 630 204.0
20130621 630 206.0
20130621 630 207.0
20130621 700 33.0
20130621 700 206.0
20130621 700 204.0
20130621 700 207.0
20130621 730 204.0
20130621 730 207.0
20130621 730 33.0
20130621 730 205.0
20130621 730 206.0
20130621 800 204.0
20130621 800 207.0
20130621 800 33.0
20130621 800 205.0
20130621 800 206.0
20130621 830 204.0
20130621 830 207.0
20130621 830 33.0
20130621 830 205.0
20130621 830 206.0
20130621 900 204.0
20130621 900 206.0
20130621 900 207.0
20130621 900 205.0
20130622 600 33.0
20130622 600 205.0
20130622 600 32.0
20130622 600 206.0
20130622 600 207.0
20130622 600 204.0
20130622 700 204.0
20130622 700 205.0
20130622 700 207.0
20130622 700 33.0
20130622 700 206.0
20130622 800 204.0
20130622 800 207.0
20130622 800 205.0
20130622 800 33.0
20130622 800 206.0
20130622 830 204.0
20130622 830 206.0
20130622 830 207.0
20130622 830 33.0
20130622 830 205.0
20130624 700 33.0
20130624 700 205.0
20130624 700 32.0
20130624 700 206.0
20130624 700 204.0
20130624 700 207.0
20130624 900 206.0
20130624 900 204.0
20130624 900 207.0
20130624 900 208.0
20130624 900 209.0
20130629 30 206.0
20130629 30 207.0
20130629 30 33.0
20130629 30 204.0
20130629 30 205.0
20130629 30 32.0
20130629 100 209.0
20130629 100 206.0
20130629 100 204.0
20130629 100 205.0
20130629 100 207.0
20130629 300 209.0
20130629 300 206.0
20130629 300 207.0
20130629 300 33.0
20130629 330 208.0
20130629 330 209.0
20130629 330 206.0
20130629 330 207.0
20130629 330 204.0
20130629 330 205.0
20130629 330 33.0
20130629 330 32.0
20130629 400 209.0
20130629 400 206.0
20130629 400 207.0
20130629 400 33.0
20130629 400 204.0
20130629 400 205.0
20130629 430 208.0
20130629 430 206.0
20130629 430 207.0
20130629 430 204.0
20130629 430 33.0
20130629 430 205.0
20130629 500 208.0
20130629 500 209.0
20130629 500 206.0
20130629 500 207.0
20130629 500 204.0
20130629 500 33.0
20130629 500 205.0
20130629 530 209.0
20130629 530 208.0
20130629 530 206.0
20130629 530 207.0
20130629 600 208.0
20130629 600 209.0
20130629 600 206.0
20130629 600 207.0
20130629 700 208.0
20130629 700 209.0
20130629 700 206.0
20130629 700 207.0
20130629 730 205.0
20130629 730 208.0
20130629 730 209.0
20130629 730 206.0
20130629 730 207.0
20130629 800 208.0
20130629 800 209.0
20130629 800 206.0
20130629 800 207.0
20130630 230 206.0
20130630 230 207.0
20130630 230 205.0
20130630 230 33.0
20130630 400 32.0
20130630 400 206.0
20130630 400 207.0
20130630 400 204.0
20130630 400 205.0
20130630 400 33.0
20130630 430 32.0
20130630 430 207.0
20130630 430 204.0
20130630 430 33.0
20130630 430 205.0
20130630 500 32.0
20130630 500 204.0
20130630 500 207.0
20130630 500 205.0
20130630 500 33.0
20130630 530 206.0
20130630 530 204.0
20130630 530 207.0
20130630 530 33.0
20130630 530 205.0
20130701 930 206.0
20130701 930 204.0
20130701 930 207.0
20130701 930 205.0
20130701 930 209.0
20130707 30 206.0
20130707 30 207.0
20130707 30 33.0
20130707 30 32.0
20130710 730 204.0
20130710 730 207.0
20130710 730 33.0
20130710 730 205.0
20130710 730 32.0
20130710 730 206.0
20130710 800 204.0
20130710 800 207.0
20130710 800 33.0
20130710 800 205.0
20130710 800 32.0
20130710 800 206.0
20130710 830 204.0
20130710 830 207.0
20130710 830 33.0
20130710 830 205.0
20130710 830 206.0
20130710 1000 206.0
20130710 1000 207.0
20130710 1000 204.0
20130710 1000 33.0
20130710 1000 208.0
20130710 1000 209.0
20130711 330 207.0
20130711 330 204.0
20130711 330 205.0
20130711 330 32.0
20130711 400 32.0
20130711 400 206.0
20130711 400 207.0
20130711 400 204.0
20130711 400 205.0
20130711 430 32.0
20130711 430 206.0
20130711 430 204.0
20130711 430 207.0
20130711 430 205.0
20130711 500 206.0
20130711 500 207.0
20130711 500 204.0
20130711 500 205.0
20130712 400 206.0
20130712 400 207.0
20130712 400 204.0
20130712 400 205.0
20130712 400 33.0
20130712 430 32.0
20130712 430 206.0
20130712 430 207.0
20130712 430 204.0
20130712 430 33.0
20130712 430 205.0
20130712 500 32.0
20130712 500 206.0
20130712 500 204.0
20130712 500 207.0
20130712 500 33.0
20130712 500 205.0
20130712 530 33.0
20130712 530 206.0
20130712 530 204.0
20130712 530 207.0
20130712 530 205.0
20130712 600 33.0
20130712 600 205.0
20130712 600 206.0
20130712 600 204.0
20130712 600 207.0
20130712 630 33.0
20130712 630 205.0
20130712 630 206.0
20130712 630 204.0
20130712 630 207.0
20130712 700 205.0
20130712 700 207.0
20130712 700 33.0
20130712 700 206.0
20130712 700 204.0
20130715 300 206.0
20130715 300 207.0
20130715 300 33.0
20130715 300 32.0
20130715 430 32.0
20130715 430 206.0
20130715 430 207.0
20130715 430 33.0
20130715 500 32.0
20130715 500 206.0
20130715 500 33.0
20130715 500 207.0
20130715 530 32.0
20130715 530 206.0
20130715 530 207.0
20130715 530 33.0
20130805 700 33.0
20130805 700 204.0
20130805 700 205.0
20130805 700 208.0
20130805 700 209.0
20130805 700 206.0
20130805 700 207.0
20130805 730 204.0
20130805 730 207.0
20130805 730 33.0
20130805 730 205.0
20130805 730 208.0
20130805 730 209.0
20130805 730 206.0
20130805 800 204.0
20130805 800 207.0
20130805 800 33.0
20130805 800 205.0
20130805 800 32.0
20130805 800 209.0
20130805 800 208.0
20130805 800 206.0
20130805 830 204.0
20130805 830 207.0
20130805 830 205.0
20130805 830 33.0
20130805 830 208.0
20130805 830 209.0
20130805 830 206.0
20130805 900 204.0
20130805 900 207.0
20130805 900 205.0
20130805 900 209.0
20130805 900 208.0
20130805 930 204.0
20130805 930 207.0
20130805 930 205.0
20130805 930 208.0
20130805 930 209.0
20130816 430 32.0
20130816 430 206.0
20130816 430 207.0
20130816 430 33.0
20130816 500 32.0
20130816 500 206.0
20130816 500 207.0
20130816 500 33.0
20130816 530 33.0
20130816 530 32.0
20130816 530 206.0
20130816 530 207.0
20130823 730 207.0
20130823 730 33.0
20130823 730 208.0
20130823 730 206.0
20130828 230 206.0
20130828 230 207.0
20130828 230 33.0
20130828 230 32.0
20130828 300 206.0
20130828 300 207.0
20130828 300 33.0
20130828 300 32.0
20130828 330 32.0
20130828 330 206.0
20130828 330 207.0
20130828 330 33.0
20130828 400 32.0
20130828 400 206.0
20130828 400 207.0
20130828 400 33.0
20130919 630 33.0
20130919 630 32.0
20130919 630 206.0
20130919 630 207.0
20130919 700 33.0
20130919 700 32.0
20130919 700 209.0
20130919 700 206.0
20130919 700 207.0
20131002 330 206.0
20131002 330 209.0
20131002 330 207.0
20131002 330 33.0
20131002 330 32.0
20131002 530 208.0
20131002 530 209.0
20131002 530 206.0
20131002 530 207.0
20131002 830 207.0
20131002 830 33.0
20131002 830 32.0
20131002 830 208.0
20131002 830 209.0
20131002 900 206.0
20131002 900 207.0
20131002 900 33.0
20131002 900 32.0
20131002 900 208.0
20131002 900 209.0
20131002 930 206.0
20131002 930 207.0
20131002 930 33.0
20131002 930 208.0
20131002 930 209.0
20131002 1000 206.0
20131002 1000 207.0
20131002 1000 33.0
20131002 1000 208.0
20131002 1000 209.0
20131007 630 33.0
20131007 630 205.0
20131007 630 207.0
20131007 630 206.0
20131007 630 204.0
20131009 430 32.0
20131009 430 206.0
20131009 430 207.0
20131009 430 33.0
20131009 500 206.0
20131009 500 204.0
20131009 500 207.0
20131009 500 33.0
20131009 530 205.0
20131009 530 209.0
20131009 530 206.0
20131009 530 207.0
20131009 530 204.0
20131009 530 33.0
20131009 630 205.0
20131009 630 207.0
20131009 630 209.0
20131009 630 208.0
20131009 630 206.0
20131009 630 204.0
20131009 730 204.0
20131009 730 207.0
20131009 730 209.0
20131009 730 208.0
20131009 730 206.0
20131009 1000 206.0
20131009 1000 204.0
20131009 1000 207.0
20131009 1000 33.0
20131015 200 209.0
20131015 200 205.0
20131015 200 207.0
20131015 200 33.0
20131015 200 32.0
20131015 230 209.0
20131015 230 204.0
20131015 230 206.0
20131015 230 207.0
20131015 230 33.0
20131015 230 205.0
20131015 300 206.0
20131015 300 207.0
20131015 300 204.0
20131015 300 205.0
20131015 300 33.0
20131015 300 32.0
20131015 330 206.0
20131015 330 207.0
20131015 330 204.0
20131015 330 33.0
20131015 330 205.0
20131015 400 208.0
20131015 400 206.0
20131015 400 204.0
20131015 400 207.0
20131015 400 33.0
20131015 400 205.0
20131015 500 206.0
20131015 500 204.0
20131015 500 207.0
20131015 500 33.0
20131015 530 33.0
20131015 530 208.0
20131015 530 209.0
20131015 530 206.0
20131015 530 204.0
20131015 530 207.0
20131015 600 209.0
20131015 600 208.0
20131015 600 206.0
20131015 600 204.0
20131015 600 207.0
20131015 600 33.0
20131015 630 33.0
20131015 630 205.0
20131015 630 207.0
20131015 630 209.0
20131015 630 208.0
20131015 630 206.0
20131015 630 204.0
20131015 700 33.0
20131015 700 207.0
20131015 700 205.0
20131015 700 32.0
20131015 700 208.0
20131015 700 209.0
20131015 700 206.0
20131015 700 204.0
20131015 730 204.0
20131015 730 207.0
20131015 730 33.0
20131015 730 205.0
20131015 730 208.0
20131015 730 209.0
20131015 730 206.0
20131015 800 204.0
20131015 800 207.0
20131015 800 33.0
20131015 800 205.0
20131015 800 209.0
20131015 800 208.0
20131015 800 206.0
20131109 430 206.0
20131109 430 204.0
20131109 430 207.0
20131109 430 205.0
20131109 430 33.0
20131109 530 33.0
20131109 530 209.0
20131109 530 206.0
20131109 530 204.0
20131109 530 207.0
20131111 300 204.0
20131111 300 207.0
20131111 300 205.0
20131111 300 33.0
20131111 300 32.0
20131111 330 206.0
20131111 330 204.0
20131111 330 205.0
20131111 330 33.0
20131111 330 32.0
20131111 330 207.0
20131111 400 208.0
20131111 400 209.0
20131111 400 206.0
20131111 400 204.0
20131111 400 207.0
20131111 400 33.0
20131111 400 205.0
20131111 500 209.0
20131111 500 206.0
20131111 500 204.0
20131111 500 207.0
20131111 500 33.0
20131111 500 205.0
20131111 530 209.0
20131111 530 206.0
20131111 530 207.0
20131111 530 204.0
20131115 500 206.0
20131115 500 207.0
20131115 500 33.0
20131115 500 204.0
20131115 500 205.0
20131116 100 33.0
20131116 100 207.0
20131116 100 32.0
20131116 100 205.0
20131116 300 204.0
20131116 300 207.0
20131116 300 33.0
20131116 300 205.0
20131116 300 32.0
20131116 330 32.0
20131116 330 204.0
20131116 330 207.0
20131116 330 33.0
20131116 330 205.0
20131116 400 32.0
20131116 400 206.0
20131116 400 204.0
20131116 400 207.0
20131116 400 33.0
20131116 400 205.0
20131201 330 206.0
20131201 330 207.0
20131201 330 33.0
20131201 330 205.0
20131208 230 33.0
20131208 230 204.0
20131208 230 205.0
20131208 230 207.0
20131208 300 209.0
20131208 300 206.0
20131208 300 204.0
20131208 300 207.0
20131208 300 205.0
20131208 300 33.0
20131208 330 209.0
20131208 330 206.0
20131208 330 204.0
20131208 330 207.0
20131208 330 33.0
20131208 330 205.0
20131208 900 206.0
20131208 900 204.0
20131208 900 207.0
20131208 900 209.0
20131208 900 208.0
20131208 930 206.0
20131208 930 207.0
20131208 930 204.0
20131208 930 208.0
20131208 930 209.0
20131208 1000 206.0
20131208 1000 204.0
20131208 1000 207.0
20131208 1000 33.0
20131208 1000 208.0
20131208 1000 209.0
20131214 430 32.0
20131214 430 206.0
20131214 430 207.0
20131214 430 33.0
20140206 700 33.0
20140206 700 205.0
20140206 700 207.0
20140206 700 206.0
20140206 700 204.0
20140209 300 33.0
20140209 300 204.0
20140209 300 205.0
20140209 300 32.0
20140209 330 204.0
20140209 330 206.0
20140209 330 207.0
20140209 330 33.0
20140209 330 205.0
20140209 500 204.0
20140209 500 207.0
20140209 500 33.0
20140209 500 205.0
20140209 530 206.0
20140209 530 204.0
20140209 530 207.0
20140209 530 205.0
20140209 600 33.0
20140209 600 205.0
20140209 600 208.0
20140209 600 206.0
20140209 600 204.0
20140209 600 207.0
20140209 630 209.0
20140209 630 206.0
20140209 630 204.0
20140209 630 207.0
20140209 700 204.0
20140209 700 207.0
20140209 700 208.0
20140209 700 209.0
20140209 700 206.0
20140209 730 204.0
20140209 730 207.0
20140209 730 208.0
20140209 730 206.0
20140210 730 208.0
20140210 730 209.0
20140210 730 206.0
20140210 730 207.0
20140210 800 204.0
20140210 800 207.0
20140210 800 208.0
20140210 800 209.0
20140210 800 206.0
20140219 300 206.0
20140219 300 207.0
20140219 300 204.0
20140219 300 33.0
20140219 300 205.0
20140219 300 32.0
20140219 330 209.0
20140219 330 206.0
20140219 330 204.0
20140219 330 207.0
20140219 330 33.0
20140219 330 205.0
20140219 330 32.0
20140219 400 204.0
20140219 400 207.0
20140219 400 33.0
20140219 400 205.0
20140219 400 32.0
20140219 430 209.0
20140219 430 206.0
20140219 430 204.0
20140219 430 207.0
20140219 500 208.0
20140219 500 209.0
20140219 500 206.0
20140219 500 204.0
20140219 500 207.0
20140219 1000 206.0
20140219 1000 204.0
20140219 1000 207.0
20140219 1000 33.0
20140219 1000 205.0
20140219 1000 208.0
20140219 1000 209.0
20140219 1030 206.0
20140219 1030 204.0
20140219 1030 207.0
20140219 1030 208.0
20140219 1030 209.0
20140219 1100 209.0
20140219 1100 206.0
20140219 1100 204.0
20140219 1100 208.0
20140220 430 206.0
20140220 430 204.0
20140220 430 207.0
20140220 430 33.0
20140220 430 205.0
20140220 500 208.0
20140220 500 209.0
20140220 500 206.0
20140220 500 207.0
20140220 500 204.0
20140220 500 33.0
20140220 500 205.0
20140220 930 206.0
20140220 930 204.0
20140220 930 207.0
20140220 930 33.0
20140220 930 205.0
20140220 930 208.0
20140220 930 209.0
20140222 230 208.0
20140222 230 209.0
20140222 230 33.0
20140222 230 204.0
20140222 230 207.0
20140222 230 205.0
20140222 230 32.0
20140222 300 208.0
20140222 300 209.0
20140222 300 204.0
20140222 300 206.0
20140222 300 207.0
20140222 300 33.0
20140222 300 205.0
20140222 300 32.0
20140222 330 208.0
20140222 330 209.0
20140222 330 206.0
20140222 330 204.0
20140222 330 207.0
20140222 330 33.0
20140222 330 205.0
20140222 330 32.0
20140222 400 208.0
20140222 400 206.0
20140222 400 204.0
20140222 400 207.0
20140222 400 205.0
20140222 400 33.0
20140222 430 209.0
20140222 430 206.0
20140222 430 204.0
20140222 430 207.0
20140222 430 33.0
20140222 430 205.0
20140222 700 204.0
20140222 700 205.0
20140222 700 207.0
20140222 700 209.0
20140222 700 206.0
20140303 800 33.0
20140303 800 204.0
20140303 800 207.0
20140303 800 205.0
20140303 800 209.0
20140321 430 205.0
20140321 430 204.0
20140321 430 33.0
20140321 430 207.0
20140321 630 207.0
20140321 630 208.0
20140321 630 206.0
20140321 630 209.0
20140321 630 33.0
20140321 730 33.0
20140321 730 204.0
20140321 730 207.0
20140321 730 205.0
20140321 730 208.0
20140321 730 206.0
20140321 800 33.0
20140321 800 204.0
20140321 800 207.0
20140321 800 205.0
20140321 800 209.0
20140321 800 206.0
20140321 830 33.0
20140321 830 204.0
20140321 830 207.0
20140321 830 209.0
20140321 830 206.0
20140321 900 204.0
20140321 900 206.0
20140321 900 207.0
20140321 900 33.0
20140321 900 209.0
20140321 900 208.0
20140321 1200 209.0
20140321 1200 206.0
20140321 1200 207.0
20140321 1200 208.0
20140326 800 204.0
20140326 800 207.0
20140326 800 33.0
20140326 800 205.0
20140326 800 206.0
20140326 830 204.0
20140326 830 206.0
20140326 830 33.0
20140326 830 207.0
20140326 830 205.0
20140327 1030 206.0
20140327 1030 33.0
20140327 1030 208.0
20140327 1030 209.0
20140327 1130 209.0
20140327 1130 206.0
20140327 1130 204.0
20140327 1130 207.0
20140327 1130 208.0
20140414 730 204.0
20140414 730 207.0
20140414 730 33.0
20140414 730 206.0
20140430 630 33.0
20140430 630 206.0
20140430 630 208.0
20140430 630 209.0
20140430 630 207.0
20140504 930 206.0
20140504 930 207.0
20140504 930 33.0
20140504 930 209.0
20140504 1030 206.0
20140504 1030 33.0
20140504 1030 207.0
20140504 1030 208.0
20140504 1030 209.0
20140505 700 33.0
20140505 700 207.0
20140505 700 206.0
20140505 700 209.0
20140505 730 207.0
20140505 730 33.0
20140505 730 32.0
20140505 730 208.0
20140505 730 206.0
20140505 800 207.0
20140505 800 33.0
20140505 800 32.0
20140505 800 206.0
20140510 830 207.0
20140510 830 33.0
20140510 830 208.0
20140510 830 206.0
20140608 600 33.0
20140608 600 205.0
20140608 600 209.0
20140608 600 206.0
20140608 600 207.0
20140608 600 204.0
20140608 730 204.0
20140608 730 33.0
20140608 730 209.0
20140608 730 206.0
20140608 730 207.0
20140609 730 204.0
20140609 730 207.0
20140609 730 205.0
20140609 730 32.0
20140609 730 206.0
20140621 730 33.0
20140621 730 32.0
20140621 730 206.0
20140621 730 207.0
20140703 730 207.0
20140703 730 33.0
20140703 730 206.0
20140703 730 209.0
20140710 300 204.0
20140710 300 33.0
20140710 300 205.0
20140710 300 207.0
20140710 300 32.0
20140710 330 204.0
20140710 330 33.0
20140710 330 207.0
20140710 330 205.0
20140710 430 32.0
20140710 430 204.0
20140710 430 33.0
20140710 430 207.0
20140710 430 205.0
20140710 930 206.0
20140710 930 204.0
20140710 930 33.0
20140710 930 207.0
20140710 930 205.0
20140726 630 205.0
20140726 630 207.0
20140726 630 206.0
20140726 630 33.0
20140726 630 204.0
20140726 700 205.0
20140726 700 207.0
20140726 700 32.0
20140726 700 206.0
20140726 700 204.0
20140726 730 33.0
20140726 730 206.0
20140726 730 204.0
20140726 730 207.0
20140726 800 204.0
20140726 800 205.0
20140726 800 33.0
20140726 800 209.0
20140726 800 206.0
20140726 800 207.0
20140728 630 33.0
20140728 630 205.0
20140728 630 204.0
20140728 630 206.0
20140728 630 207.0
20140728 700 204.0
20140728 700 205.0
20140728 700 207.0
20140728 700 33.0
20140728 700 206.0
20140802 800 204.0
20140802 800 207.0
20140802 800 33.0
20140802 800 205.0
20140802 800 206.0
20140804 630 205.0
20140804 630 206.0
20140804 630 204.0
20140804 630 207.0
20140804 700 204.0
20140804 700 205.0
20140804 700 206.0
20140804 700 207.0
20140804 930 204.0
20140804 930 206.0
20140804 930 207.0
20140804 930 33.0
20140804 930 205.0
20140804 930 209.0
20140804 930 208.0
20140804 1000 204.0
20140804 1000 33.0
20140804 1000 205.0
20140804 1000 208.0
20140804 1000 209.0
20140805 630 33.0
20140805 630 205.0
20140805 630 206.0
20140805 630 207.0
20140805 630 204.0
20140805 730 204.0
20140805 730 207.0
20140805 730 33.0
20140805 730 205.0
20140805 730 32.0
20140805 730 206.0
20140805 800 204.0
20140805 800 207.0
20140805 800 33.0
20140805 800 205.0
20140805 800 206.0
20140806 500 206.0
20140806 500 204.0
20140806 500 207.0
20140806 500 33.0
20140806 500 205.0
20140806 530 205.0
20140806 530 206.0
20140806 530 204.0
20140806 530 207.0
20140806 530 33.0
20140806 600 33.0
20140806 600 205.0
20140806 600 32.0
20140806 600 206.0
20140806 600 204.0
20140806 600 207.0
20140806 700 204.0
20140806 700 205.0
20140806 700 207.0
20140806 700 33.0
20140806 700 206.0
20140901 630 206.0
20140901 630 204.0
20140901 630 207.0
20140901 630 33.0
20140901 700 207.0
20140901 700 208.0
20140901 700 209.0
20140901 700 206.0
20140901 700 204.0
20140902 700 33.0
20140902 700 205.0
20140902 700 206.0
20140902 700 207.0
20140903 300 204.0
20140903 300 207.0
20140903 300 33.0
20140903 300 205.0
20140903 330 204.0
20140903 330 33.0
20140903 330 207.0
20140903 330 205.0
20140903 530 33.0
20140903 530 205.0
20140903 530 32.0
20140903 530 206.0
20140903 530 207.0
20140903 530 204.0
20140903 600 33.0
20140903 600 205.0
20140903 600 206.0
20140903 600 207.0
20140903 600 204.0
20140903 630 33.0
20140903 630 205.0
20140903 630 206.0
20140903 630 204.0
20140903 630 207.0
20140903 700 33.0
20140903 700 204.0
20140903 700 205.0
20140903 700 207.0
20140903 700 32.0
20140903 700 209.0
20140903 700 206.0
20140903 730 204.0
20140903 730 207.0
20140903 730 208.0
20140903 730 209.0
20140903 730 206.0
20140903 800 204.0
20140903 800 207.0
20140903 800 33.0
20140903 800 205.0
20140903 800 208.0
20140903 800 209.0
20140903 800 206.0
20140903 900 204.0
20140903 900 206.0
20140903 900 207.0
20140903 900 208.0
20140903 900 209.0
20140903 900 33.0
20140903 930 206.0
20140903 930 204.0
20140903 930 207.0
20140903 930 208.0
20140903 930 209.0
20140903 1000 206.0
20140903 1000 207.0
20140903 1000 204.0
20140903 1000 208.0
20140903 1000 209.0
20140905 830 206.0
20140905 830 207.0
20140905 830 204.0
20140905 830 33.0
20140905 830 205.0
20140905 900 206.0
20140905 900 204.0
20140905 900 207.0
20140905 900 33.0
20140905 900 205.0
20140905 900 209.0
20140906 730 204.0
20140906 730 208.0
20140906 730 206.0
20140906 730 209.0
20140906 730 207.0
20140907 430 32.0
20140907 430 33.0
20140907 430 204.0
20140907 430 205.0
20140907 500 32.0
20140907 500 33.0
20140907 500 204.0
20140907 500 207.0
20140907 500 205.0
20140907 530 33.0
20140907 530 205.0
20140907 530 32.0
20140907 530 206.0
20140907 530 204.0
20140907 530 207.0
20140907 600 33.0
20140907 600 205.0
20140907 600 32.0
20140907 600 206.0
20140907 600 204.0
20140907 600 207.0
20140907 630 33.0
20140907 630 205.0
20140907 630 207.0
20140907 630 32.0
20140907 630 206.0
20140907 630 204.0
20140911 1000 206.0
20140911 1000 204.0
20140911 1000 207.0
20140911 1000 209.0
20140911 1030 206.0
20140911 1030 204.0
20140911 1030 207.0
20140911 1030 209.0
20140911 1100 209.0
20140911 1100 206.0
20140911 1100 204.0
20140911 1100 207.0
20140911 1100 205.0
20140911 1100 208.0
20140912 200 206.0
20140912 200 204.0
20140912 200 207.0
20140912 200 205.0
20140912 230 206.0
20140912 230 207.0
20140912 230 204.0
20140912 230 205.0
20140912 230 32.0
20140912 300 206.0
20140912 300 204.0
20140912 300 207.0
20140912 300 205.0
20140912 400 206.0
20140912 400 204.0
20140912 400 207.0
20140912 400 205.0
20140912 430 32.0
20140912 430 206.0
20140912 430 209.0
20140912 430 204.0
20140912 430 207.0
20140912 430 205.0
20140912 530 205.0
20140912 530 32.0
20140912 530 206.0
20140912 530 207.0
20140912 530 204.0
20140913 400 32.0
20140913 400 206.0
20140913 400 207.0
20140913 400 204.0
20140913 400 205.0
20140913 400 33.0
20140913 430 32.0
20140913 430 206.0
20140913 430 207.0
20140913 430 33.0
20140913 430 204.0
20140913 430 205.0
20140919 530 206.0
20140919 530 207.0
20140919 530 204.0
20140919 530 205.0
20140921 530 33.0
20140921 530 205.0
20140921 530 206.0
20140921 530 207.0
20140921 630 33.0
20140921 630 205.0
20140921 630 32.0
20140921 630 206.0
20140921 630 207.0
20140921 700 33.0
20140921 700 204.0
20140921 700 205.0
20140921 700 207.0
20140921 700 32.0
20140921 700 206.0
20140924 300 32.0
20140924 300 209.0
20140924 300 33.0
20140924 300 206.0
20140924 300 204.0
20140924 300 207.0
20140924 400 206.0
20140924 400 204.0
20140924 400 207.0
20140924 400 33.0
20140924 400 205.0
20140924 500 32.0
20140924 500 205.0
20140924 500 206.0
20140924 500 204.0
20140924 500 207.0
20140924 500 33.0
20140924 530 205.0
20140924 530 32.0
20140924 530 206.0
20140924 530 204.0
20140924 530 207.0
20140924 530 33.0
20140924 600 33.0
20140924 600 205.0
20140924 600 32.0
20140924 600 206.0
20140924 600 204.0
20140924 600 207.0
20140924 630 33.0
20140924 630 205.0
20140924 630 207.0
20140924 630 209.0
20140924 630 206.0
20140924 630 204.0
20141001 30 204.0
20141001 30 207.0
20141001 30 33.0
20141001 30 205.0
20141001 600 33.0
20141001 600 205.0
20141001 600 209.0
20141001 600 206.0
20141001 600 204.0
20141001 600 207.0
20141001 630 33.0
20141001 630 204.0
20141001 630 205.0
20141001 630 208.0
20141001 630 209.0
20141001 630 206.0
20141001 630 207.0
20141001 700 33.0
20141001 700 207.0
20141001 700 205.0
20141001 700 208.0
20141001 700 209.0
20141001 700 206.0
20141001 730 204.0
20141001 730 207.0
20141001 730 33.0
20141001 730 205.0
20141001 730 32.0
20141001 730 208.0
20141001 730 209.0
20141001 730 206.0
20141001 800 204.0
20141001 800 33.0
20141001 800 205.0
20141001 800 207.0
20141001 800 208.0
20141001 800 206.0
20141009 730 204.0
20141009 730 207.0
20141009 730 33.0
20141009 730 205.0
20141009 730 208.0
20141009 730 209.0
20141009 730 206.0
20141009 800 204.0
20141009 800 207.0
20141009 800 208.0
20141009 800 209.0
20141009 800 206.0
20141009 900 206.0
20141009 900 204.0
20141009 900 207.0
20141009 900 33.0
20141009 900 208.0
20141009 900 209.0
20141009 930 206.0
20141009 930 204.0
20141009 930 207.0
20141009 930 208.0
20141009 930 209.0
20141009 1000 206.0
20141009 1000 33.0
20141009 1000 204.0
20141009 1000 208.0
20141009 1000 209.0
20141009 1130 209.0
20141009 1130 206.0
20141009 1130 204.0
20141009 1130 208.0
20141011 630 204.0
20141011 630 205.0
20141011 630 33.0
20141011 630 206.0
20141011 630 207.0
20141011 700 204.0
20141011 700 207.0
20141011 700 33.0
20141011 700 205.0
20141011 700 209.0
20141011 700 206.0
20141011 730 204.0
20141011 730 207.0
20141011 730 33.0
20141011 730 205.0
20141011 730 208.0
20141011 730 209.0
20141011 730 206.0
20141011 800 204.0
20141011 800 207.0
20141011 800 33.0
20141011 800 205.0
20141011 800 208.0
20141011 800 206.0
20141011 830 204.0
20141011 830 207.0
20141011 830 33.0
20141011 830 205.0
20141015 300 33.0
20141015 300 205.0
20141015 300 207.0
20141015 300 32.0
20141017 500 206.0
20141017 500 204.0
20141017 500 207.0
20141017 500 33.0
20141017 500 205.0
20141017 930 206.0
20141017 930 204.0
20141017 930 207.0
20141017 930 33.0
20141017 930 205.0
20141017 930 32.0
20141018 430 32.0
20141018 430 206.0
20141018 430 207.0
20141018 430 204.0
20141018 430 205.0
20141018 430 33.0
20141018 600 33.0
20141018 600 205.0
20141018 600 206.0
20141018 600 204.0
20141018 600 207.0
20141018 630 204.0
20141018 630 205.0
20141018 630 207.0
20141018 630 33.0
20141018 630 206.0
20141018 700 204.0
20141018 700 207.0
20141018 700 209.0
20141018 700 206.0
20141105 430 204.0
20141105 430 207.0
20141105 430 205.0
20141105 430 33.0
20141105 500 32.0
20141105 500 209.0
20141105 500 206.0
20141105 500 204.0
20141105 500 207.0
20141105 500 205.0
20141105 530 209.0
20141105 530 206.0
20141105 530 207.0
20141105 530 204.0
20141115 530 209.0
20141115 530 206.0
20141115 530 207.0
20141115 530 204.0
20141115 530 33.0
20141115 530 205.0
20141115 600 209.0
20141115 600 206.0
20141115 600 207.0
20141115 600 204.0
20141115 630 206.0
20141115 630 207.0
20141115 630 33.0
20141115 630 204.0
20141116 300 206.0
20141116 300 207.0
20141116 300 204.0
20141116 300 205.0
20141116 300 33.0
20141116 300 32.0
20141116 400 206.0
20141116 400 207.0
20141116 400 204.0
20141116 400 33.0
20141116 400 205.0
20141116 500 208.0
20141116 500 206.0
20141116 500 204.0
20141116 500 207.0
20141116 600 209.0
20141116 600 206.0
20141116 600 204.0
20141116 600 207.0
20141116 700 209.0
20141116 700 208.0
20141116 700 206.0
20141116 700 207.0
20141116 730 204.0
20141116 730 208.0
20141116 730 209.0
20141116 730 206.0
20141116 730 207.0
